23.25
23.55
22.9
24.7
25.5
23.45
22.8
24.7
21.35
20.7
24.5
24.65
24.95
24.7
23.4
25.35
19.85
25.7
24.85
22.6
23.5
25.35
22.55
24.05
24.25
25.1
23.2
23.35
23.95
24.5
22.25
22.9
22.55
22.2
24.05
25.1
25.35
23.8
21.55
24.7
26.95
24.05
19.7
26.15
22.4
25.1
24.7
22.55
23.2
22.4
27.05
25.15
23.25
25.7
19.75
19.05
22.55
22
24.25
24.15
24.1
25.35
22.5
22.4
26.95
22.1
21.7
24.4
22.8
25.15
22.95
25.25
20.95
23.8
24.7
25
20.05
26.3
24.35
21.1
24.05
24.3
21.9
24.85
26.1
23.05
27.45
26.9
22.35
24.15
21.65
21.8
22.8
21.2
23.95
24.15
25.75
24.3
24.85
22.7
20.85
20.25
21.25
25.85
25.65
24.75
25.7
20.25
22.6
24.6
20.5
24.2
24.1
24.2
25.85
24.5
24.35
21.45
23.3
23.65
24
23.1
22.9
24.1
23.4
21.55
21.75
19.65
24
23.35
20.8
25.3
24
20.55
24.55
23.15
22.25
24.55
24.05
23.35
23.7
22.95
23.85
26.05
23.2
22.5
24.1
24.45
21.45
25.5
23.7
24.45
23.2
22.15
23.05
23.2
24.95
24.4
25.85
23.6
25.8
21.8
22
25.7
23.9
22.2
21.2
23.2
23.65
21.25
22.5
20.9
22.2
23.8
22.7
24.2
25
22.45
25.45
20.25
25.3
24.25
21.5
25.9
23.85
20.4
23.75
25.5
28.05
22.15
22.9
22.3
21.55
22.65
24.85
23.4
24.35
20
24.3
20.65
23.4
23.4
27.4
24.8
23.8
25.95
22.4
24
23.15
23.55
23.25
22
24.05
22.2
23.6
23.15
23.15
24.15
23.35
25.55
20.8
24.05
24.1
21.5
18.35
26.25
25.8
22.35
24.2
20.2
23.35
20.3
26.3
24.1
23.3
23.9
26.55
23.25
24.8
22.8
25.2
24.5
21.95
23.4
22.05
23.4
23.9
23.3
20.8
23.5
23.75
24.2
22.5
25.75
22.65
22.25
26.5
23.4
26.2
22.6
24
24.05
23.2
23.45
22.55
22.2
22.35
25.1
25
23.1
22.1
22.5
23.05
25.25
23.05
27.25
22.95
22.5
23.15
23.45
22.25
22.15
22
24.85
22.85
20.5
24.15
23.4
25.35
23.8
25
23.35
25.1
23.5
26.6
23.5
21.6
22.8
24.1
23.4
24.05
23.25
23.75
24.85
24
22.9
22.45
24.85
24.05
25.5
27
24.9
21.8
24.65
21.8
22.8
22.1
25.25
25.35
23.35
23.95
24
20.4
21.4
22.35
21.7
22.7
20.7
25.45
23.3
20.15
24.25
25.25
24.2
23.95
23.4
23.05
22.35
23.35
23.35
24.9
22.4
24.65
25.6
25.3
21.6
24.7
22.55
22.7
21.9
20.8
24.7
20.25
22.5
24
24.55
24.7
23.6
24.4
19.35
21.95
22.9
24.4
25
22.6
24.65
22
22.3
20.7
23
19.2
24.9
23.2
26.65
23.35
24.4
22.05
22.2
23.6
24.9
24.15
23.2
26.3
23.15
26.3
24.55
21.75
22.7
22.65
24.6
24.3
21.55
21.55
21.8
22.45
24.75
20.45
22.65
24.95
23.95
20
22.5
24.7
23.5
23.75
24.85
20.05
24.5
24.35
28.1
26.2
23.1
25.2
22
23.8
22.85
24
24.4
22.9
22.15
25.3
22.4
22.75
22.7
24.8
25.35
23.85
20.85
20.2
22.8
23.95
21.25
19.2
22.25
20.65
24.4
22.3
22.05
25.05
22.35
23.65
24
23.7
24.8
23.75
21.3
23.55
23.25
23.2
23.15
21.9
24.75
20.4
22.95
26.55
24.7
22.05
24.5
23.15
25.8
20.95
25
23.2
24.05
20.7
24.9
24.25
23.7
26.25
23.3
24.35
22
21.9
23.35
20.65
22.7
21.7
23.95
22.25
22.95
23.5
23.45
23.95
24.55
25.9
25.1
24.6
22.5
23.9
20.8
26.6
25.8
25
22.3
26.6
24.95
22.35
20.4
21.55
25.25
25.95
21.1
23.4
24.7
23.05
24.4
23.25
25.05
26.1
24.8
22.4
24.85
22.95
24.55
25.05
25.8
20.5
25.45
22.3
23.2
26.25
22.05
23.55
21.75
22.4
21.6
24.25
23.35
25.75
21.1
24.2
23.75
23.75
22.85
23.65
20.65
24.6
21.65
24.85
26.7
24.2
22.45
19.9
22.05
24.55
24.25
23.65
20.8
20.95
25.25
22.6
24.05
24.6
21.55
24.1
23.8
23.25
26.1
23.1
24.95
21.45
22.2
26.1
21.55
23
23.9
22.9
25.6
21.9
19.2
25
27.1
26.35
26.65
22.4
24.45
27.3
21.3
24.4
22.1
25.45
24.05
21.7
24.3
23.75
21.6
24.65
23.5
22.2
24.5
25.75
23.8
23.5
22.9
21.9
23.45
24.8
25.65
24.45
26.3
24.05
23.95
22
23.5
20.7
22.8
25.6
25.1
22.25
23.85
24.25
22.95
23.55
23.05
24.9
22.65
23.6
22.9
23.55
21.15
23.75
24.6
24.35
25.15
23.3
21.7
23.85
26.85
23.4
26.65
27.5
24.1
25.5
23
25.25
26.2
25.2
23.3
28.3
22.3
24.3
23.6
23.15
22.9
25.7
22
24.3
24
24.3
22.75
21.35
22.35
23.8
23.05
22.65
24.4
24.5
21.45
22.55
21.35
24.95
22.45
21.05
23.75
24.6
23.75
22.5
23.6
20.6
23.3
23.6
26.3
23.95
23.7
25.3
23.3
22.95
23.5
23
25.95
26.35
23.45
24.1
21.85
23.8
25.2
23.95
25.4
22.65
22.9
24.05
23.75
25.7
25.7
24.05
19.7
26.6
24.75
23.9
23.95
23.4
27.1
21.35
20.5
22.8
23.75
22.7
24.25
20.05
22.85
22.45
24.25
26.3
22.55
23.2
28.2
23.75
25.15
26.5
22.7
25.35
23.55
24.65
23.7
19.3
23.9
24.5
24.5
23.7
25.15
21.65
20.25
23.55
23.15
23.55
24.1
22.5
22.4
24.05
20.5
22.85
22.75
21.2
24.3
23.1
22.9
24.55
24.55
22.85
24.05
26.1
22.7
27.45
25.95
26.6
25.85
26.65
20.85
22.1
21.95
23.3
24.15
22.95
21.05
25.85
25.75
23.6
24.95
22.15
20.65
26.7
24.85
23.2
23.35
22.8
21.6
23.8
27.8
20.6
17.9
24.2
21.35
23.9
23.15
22.35
27.2
23.1
21.35
22.65
26
27.05
25.2
23.9
22.35
26.65
21.9
25.05
23.6
24.65
21.8
23.7
23.3
24.5
22.9
27
23.85
21.2
20.05
22.85
21.7
25.2
23.35
22.4
28
23.05
23.65
22.7
23.4
23.55
23.05
19.85
21.9
25.3
24.45
24.5
27.4
22.45
19.9
25.55
26.25
22
21.9
20.8
26.5
23.65
21.65
24.2
21.35
26.6
23.2
26.2
23.15
22.9
21.2
27.15
26.45
22.2
23.25
22.1
25.45
22.55
23
23.8
26.25
21.3
26
26.9
21.3
23.3
24.75
22.8
24.9
20
22.2
24.95
23.7
24.6
27.8
24.9
24.5
23.1
23.55
23.45
25.25
24.15
26.8
27.2
26.55
21.65
25.55
21.85
25.5
26.75
26.9
21.55
24.9
22.55
23.3
24.5
25.05
23.6
21.85
27.2
23.05
24.4
21.95
25.75
23.8
22.05
25.25
25.5
24.35
21.05
24.3
22.8
25.75
24
22.15
24.4
24.35
26.35
21.65
24.5
22.15
24
22.2
22.25
20.1
23.15
22.8
23.25
26.75
25.6
25.9
22.6
23.8
19.5
26.5
22.4
22.7
23.9
22.75
27.95
21.1
25.75
24.45
23.4
18.95
21.4
21.25
23.9
25.4
22.95
22.7
24.9
22.6
23.8
25.65
20.6
25.1
22.8
23.65
24
22
23.65
22.45
24.75
25.25
22.1
23.25
24.7
23.4
25.55
25.25
21.5
22.3
23.6
24.3
23.25
21.85
22.85
21.55
24.5
21.75
26.15
22.2
22.95
22.85
21.3
23.15
23.2
20.2
25.4
23.3
23.2
22.35
21.4
24.8
19.15
24.9
22.35
22.4
25.35
24.7
17.55
21.25
24.05
25.3
21.75
25.7
