12 18 28 12 31 9 12 32 9 31 12 32 9 22 12 33 12 22 12 31 
33 22 33 22 18 26 33 26 18 12 28 11 22 26 11 11 12 33 11 29 
22 12 23 23 18 29 31 29 28 33 25 28 26 23 12 33 26 29 33 33 
34 33 34 25 31 28 12 9 28 29 29 31 33 23 9 26 26 25 29 31 
18 28 11 33 11 18 23 28 22 22 18 26 29 26 23 11 34 26 26 33 
22 31 23 18 28 26 18 12 33 34 34 25 26 9 25 26 23 9 18 29 
26 26 26 22 18 9 32 22 22 26 25 28 33 18 33 33 11 29 18 33 
25 22 23 28 25 33 34 33 28 18 26 31 31 31 28 9 26 34 29 33 
22 11 18 31 34 22 18 18 18 33 18 32 12 26 28 26 18 33 22 12 
22 34 28 31 28 9 12 23 28 26 29 11 12 31 11 34 29 32 28 32 
11 26 18 9 22 23 28 31 28 26 22 18 34 28 28 9 28 18 31 33 
23 23 9 33 26 12 18 18 33 12 22 22 22 22 12 22 18 22 33 28 
26 25 22 28 28 22 28 33 26 33 31 22 32 32 12 33 28 31 26 34 
25 23 9 28 26 26 22 9 18 28 11 33 26 33 32 34 32 29 26 18 
18 28 26 28 22 25 28 18 28 12 23 22 12 23 12 12 11 25 23 25 
18 28 18 9 12 23 26 32 28 22 33 26 18 12 28 22 29 26 28 34 
28 26 28 31 23 28 28 28 12 18 31 26 12 28 26 28 22 28 26 26 
18 12 12 26 25 33 12 22 12 28 32 18 28 22 33 11 12 28 26 33 
26 31 26 22 9 31 28 12 23 18 25 28 33 29 26 34 28 12 23 23 
12 31 9 33 18 22 12 31 33 31 32 9 26 22 11 26 33 28 18 28 
33 32 34 9 18 31 29 33 32 26 12 26 32 12 11 33 34 18 25 9 
33 34 23 9 26 18 29 26 26 12 29 31 33 12 32 34 25 26 11 22 
12 34 23 9 28 26 31 22 33 22 12 18 26 9 11 22 28 12 26 9 
29 31 33 26 28 22 28 12 11 22 11 33 23 28 25 28 22 18 31 11 
22 12 28 31 26 31 9 31 34 28 28 23 26 29 26 33 9 11 26 34 
9 22 34 32 33 34 26 11 9 23 9 33 26 22 28 28 26 22 22 29 
9 26 33 29 32 18 25 34 22 18 25 33 32 31 18 33 12 12 12 11 
18 26 28 9 33 28 23 22 31 28 9 22 18 28 26 22 32 28 25 26 
22 34 33 11 29 25 11 26 25 11 22 26 33 9 22 26 12 34 29 12 
33 33 26 33 34 11 31 34 18 9 33 32 31 12 33 22 28 23 28 12 
18 31 26 33 33 18 28 12 22 23 33 33 34 28 22 34 26 22 25 32 
18 12 12 28 12 18 18 28 29 33 22 26 26 28 9 12 33 12 26 12 
9 26 29 28 9 25 29 26 22 25 31 18 23 22 33 11 12 33 12 25 
33 28 12 11 28 26 22 12 26 28 31 31 18 28 31 28 11 11 28 31 
26 18 22 23 28 12 9 29 26 28 18 25 22 34 12 22 18 31 28 18 
18 29 33 26 29 12 18 18 18 32 12 25 31 22 22 32 32 25 11 28 
22 12 12 12 25 26 33 28 26 12 33 12 33 26 33 28 28 29 18 31 
32 32 12 23 11 12 12 26 28 34 33 33 12 32 22 18 22 12 26 18 
11 26 9 26 28 33 22 12 34 34 26 34 28 9 33 18 28 12 28 22 
28 25 33 29 26 12 26 11 12 26 28 28 26 23 33 28 34 22 12 18 
34 18 18 11 31 23 22 11 33 33 18 33 28 22 23 22 12 23 22 29 
34 29 25 29 33 9 22 22 31 33 22 33 26 28 11 26 12 31 12 9 
31 33 33 32 18 11 18 32 22 26 18 33 12 12 9 18 12 32 26 9 
29 33 12 33 23 18 9 28 9 29 29 28 29 28 34 11 26 28 11 29 
11 31 33 28 9 26 26 11 26 28 9 22 22 22 33 23 32 26 9 26 
9 33 18 22 25 22 32 22 18 29 11 28 9 22 32 34 28 34 28 26 
28 11 33 12 12 29 31 25 11 22 22 12 33 12 32 31 9 12 32 23 
22 29 22 22 11 28 23 33 29 18 18 33 25 31 26 22 26 22 28 33 
28 31 23 23 23 9 22 25 11 25 12 33 18 29 33 28 28 25 12 26 
22 9 33 9 28 32 28 26 11 26 22 26 25 11 29 29 28 31 32 29 
22 9 29 18 33 25 28 12 9 33 18 18 26 18 23 34 32 32 26 18 
9 12 12 34 23 32 23 25 22 25 18 23 25 28 26 22 28 26 34 18 
26 12 25 25 12 23 25 9 12 33 31 33 12 28 26 12 33 23 33 26 
11 12 22 29 32 31 29 12 33 32 18 18 26 9 34 34 9 26 32 26 
29 12 31 29 33 22 12 25 28 28 11 23 9 28 29 26 18 33 26 23 
12 22 33 18 18 9 22 22 33 25 23 18 29 18 25 34 33 26 18 31 
28 33 11 33 28 25 32 11 25 29 33 23 23 25 32 22 12 28 11 32 
32 32 28 18 9 34 33 12 25 34 18 18 25 12 26 33 11 31 29 25 
9 28 34 29 32 11 12 33 28 12 25 11 34 22 12 31 32 12 34 33 
23 29 26 31 26 9 28 22 22 23 12 26 12 33 22 25 33 32 18 33 
12 26 33 26 22 26 32 22 34 33 18 34 22 26 25 26 33 29 34 12 
12 23 25 25 25 32 28 33 28 18 18 25 12 18 12 18 12 29 29 18 
18 34 18 26 22 23 31 25 34 26 25 33 11 18 25 18 22 31 25 12 
22 12 18 11 33 33 18 18 25 28 22 33 34 34 22 28 11 34 18 34 
12 33 31 26 26 22 22 33 33 28 26 22 28 22 22 22 33 18 18 29 
29 26 31 31 33 26 25 18 33 12 32 26 28 9 12 29 28 9 33 33 
31 11 31 26 23 11 34 33 26 33 26 33 28 11 25 31 29 26 18 34 
9 26 28 18 18 28 18 28 29 22 31 25 11 26 29 33 33 28 12 23 
18 11 32 12 18 11 33 33 32 18 29 9 12 28 29 18 28 12 12 33 
33 26 23 25 31 28 18 22 12 34 26 26 23 26 33 29 18 12 22 12 
18 32 12 28 12 28 18 31 32 26 28 34 12 11 22 25 34 29 26 33 
33 9 33 33 12 33 18 18 31 18 29 18 28 33 18 18 33 26 9 9 
18 31 22 28 12 18 9 11 12 34 34 22 26 9 18 25 12 26 12 23 
11 32 29 28 28 33 28 33 22 12 23 18 28 11 33 26 12 23 12 25 
18 18 23 18 18 11 31 18 33 28 26 29 29 26 29 26 28 9 12 25 
28 22 22 18 11 28 32 25 12 34 12 28 25 25 22 31 12 9 34 12 
29 12 33 31 22 33 26 29 33 28 28 31 31 33 23 18 31 22 9 22 
33 22 26 28 9 18 25 26 32 33 28 26 22 26 33 18 11 18 28 11 
12 28 28 12 18 12 18 22 12 12 32 23 22 26 26 34 18 25 11 12 
22 25 22 9 22 34 18 22 12 26 25 28 28 29 32 18 12 31 12 33 
34 12 31 34 12 34 22 26 12 18 33 11 26 12 26 26 33 22 32 12 
33 18 31 9 26 29 11 29 18 18 28 28 32 12 18 26 33 26 22 18 
11 33 18 31 28 28 23 31 18 34 18 18 33 31 18 12 12 9 28 33 
25 33 26 18 29 18 28 26 26 18 26 32 22 12 12 12 26 34 32 28 
33 29 9 9 26 11 9 12 12 12 29 28 32 22 9 28 28 23 31 28 
33 11 26 33 31 23 18 28 26 33 12 32 34 25 22 29 29 33 29 28 
23 23 18 22 9 18 31 18 12 23 29 33 18 23 12 28 29 31 34 22 
12 22 28 28 29 33 22 18 26 11 12 31 22 12 26 26 12 22 18 26 
33 9 26 22 22 22 28 31 26 23 33 34 31 28 22 33 22 23 33 28 
22 12 22 32 26 9 9 34 12 18 12 22 33 32 12 23 33 11 18 26 
28 18 34 12 32 9 33 33 29 32 23 34 33 28 18 33 23 23 11 12 
11 26 28 22 29 34 33 22 23 33 12 12 28 11 22 9 12 26 33 25 
33 23 28 33 9 32 22 33 28 31 22 31 25 28 31 25 28 12 9 12 
31 28 33 31 29 25 22 9 12 26 12 28 12 12 33 25 9 33 28 22 
22 28 18 34 9 26 25 29 29 18 31 12 28 33 28 18 22 23 12 18 
11 33 25 31 28 9 33 33 18 26 26 34 22 23 31 26 28 34 34 28 
33 31 12 23 11 33 9 26 22 11 28 22 28 32 22 11 18 9 33 31 
32 26 28 23 26 31 33 26 26 12 32 33 9 31 18 22 18 25 18 23 
11 22 28 11 11 18 11 28 28 18 34 26 11 28 29 12 33 28 32 32 
26 18 12 12 34 26 22 29 22 32 34 22 34 33 32 26 34 18 34 26 
33 18 34 18 11 26 33 33 11 28 25 34 25 32 11 26 31 11 11 22 
33 33 28 9 32 34 26 33 32 23 12 31 25 26 9 25 32 18 22 26 
26 28 11 26 22 26 28 31 12 34 18 18 25 18 9 32 18 11 34 26 
34 22 22 25 12 33 11 33 12 26 12 26 12 22 22 22 18 18 33 29 
9 18 31 22 26 12 18 9 25 33 12 22 33 26 25 28 12 29 18 25 
29 12 34 29 18 28 28 26 28 29 9 26 33 33 34 23 22 28 25 33 
11 33 26 18 18 34 26 28 23 31 28 25 22 25 26 33 12 34 18 22 
29 22 33 9 25 28 9 28 31 29 22 28 28 23 18 28 23 33 12 28 
32 33 33 28 18 26 29 32 22 22 22 34 22 34 12 18 32 22 28 18 
11 32 26 23 28 18 18 28 29 11 18 12 33 18 12 25 25 33 22 33 
32 25 28 34 33 9 22 26 28 9 34 34 33 34 23 31 26 12 28 32 
22 28 22 26 12 25 9 28 29 26 33 12 28 12 26 26 11 22 31 26 
26 28 29 31 34 23 26 18 12 32 11 34 25 34 26 23 25 33 34 23 
34 22 29 12 33 18 32 18 18 33 22 18 11 34 31 9 25 26 28 9 
29 18 28 23 18 18 29 32 28 26 18 32 32 25 12 29 33 32 18 33 
31 18 22 33 25 18 18 12 18 33 12 33 31 28 18 28 18 25 18 32 
18 12 11 12 9 28 33 32 33 9 22 28 22 12 25 28 29 33 25 29 
18 25 29 33 32 28 28 34 22 33 22 22 12 29 23 11 26 18 26 18 
28 28 18 32 31 26 32 18 29 32 25 12 22 31 29 18 18 28 33 26 
23 11 22 33 26 12 23 18 26 9 22 26 22 28 33 9 29 22 26 33 
18 26 12 23 18 18 28 28 28 31 18 34 34 22 31 18 11 26 34 11 
26 22 25 33 12 25 32 11 25 29 12 26 33 26 18 29 25 32 29 12 
22 33 26 29 26 29 22 28 22 31 18 12 34 25 11 29 12 22 29 29 
28 26 23 9 32 22 28 22 18 26 31 26 22 31 18 18 18 12 22 28 
28 32 33 33 11 12 31 11 26 34 33 12 23 25 29 28 23 22 31 31 
12 22 28 31 31 29 18 11 28 28 28 22 28 34 9 26 31 12 18 22 
33 25 23 26 26 28 22 12 12 31 23 22 22 31 32 28 29 18 26 32 
33 18 33 25 18 31 12 18 33 34 31 31 28 29 22 18 33 18 22 22 
22 11 33 31 23 31 29 22 22 31 18 25 12 11 32 34 33 28 26 29 
26 11 22 33 28 12 18 12 33 33 18 34 31 31 22 23 9 18 28 28 
18 22 25 32 25 28 28 18 18 22 26 12 28 26 18 12 33 18 33 33 
34 11 28 23 31 33 29 31 22 23 34 18 26 26 28 18 18 18 26 22 
25 18 26 29 18 28 25 12 9 33 34 33 11 31 28 26 9 34 18 26 
32 31 12 33 18 28 25 25 26 32 26 25 33 28 28 33 18 33 23 25 
22 33 11 26 25 12 33 9 22 18 32 29 22 29 26 29 22 25 18 23 
25 12 34 26 12 12 18 9 12 33 28 29 28 34 28 34 28 31 32 26 
23 26 12 12 33 26 22 11 23 12 23 22 12 28 23 33 34 18 22 26 
12 12 12 31 33 28 9 9 28 32 34 33 12 34 9 29 32 25 12 22 
31 11 23 26 28 12 33 9 34 25 33 26 22 9 25 32 25 31 12 26 
11 18 33 28 11 29 29 28 18 34 22 26 33 23 9 29 12 18 9 33 
33 18 23 9 22 11 18 23 32 34 26 18 34 34 23 26 26 33 25 23 
23 29 28 11 28 28 32 25 12 18 9 25 31 33 29 29 31 26 22 29 
22 33 29 31 33 34 32 33 18 26 22 22 28 26 11 26 18 12 33 26 
18 26 22 12 25 18 11 18 33 11 33 32 34 29 33 18 26 9 12 11 
11 28 22 34 28 12 33 28 12 29 31 22 34 11 18 33 34 18 12 33 
28 18 33 23 12 28 33 25 29 12 28 26 26 33 33 26 33 32 33 33 
34 34 12 11 25 28 12 18 22 29 33 18 28 25 33 33 11 18 28 22 
33 23 23 18 23 28 26 33 18 34 29 11 9 31 32 26 18 12 18 26 
34 12 29 23 28 31 23 12 33 22 26 28 22 22 9 18 29 34 32 18 
28 28 22 31 34 33 22 34 25 12 26 25 33 26 25 33 34 26 12 18 
34 22 23 18 22 26 33 26 12 9 31 26 22 12 23 25 32 31 12 11 
11 12 26 9 11 12 28 28 9 18 29 25 11 9 29 32 26 12 9 28 
22 28 28 33 33 32 11 18 23 29 32 12 28 22 9 28 18 18 9 26 
12 28 22 33 31 26 11 23 33 18 11 12 11 9 22 32 22 26 23 34 
22 22 12 22 31 29 12 32 12 34 34 22 34 31 26 18 11 32 25 28 
33 26 23 11 26 25 12 31 26 31 12 25 26 22 33 11 31 25 25 22 
18 9 22 26 26 29 25 9 12 33 18 22 18 26 9 26 29 34 28 9 
23 22 12 25 22 23 25 9 12 12 34 22 22 26 32 31 28 12 22 32 
25 12 28 26 12 34 25 33 18 9 22 23 11 26 26 33 18 26 11 12 
31 12 28 18 33 11 28 18 9 26 22 22 12 31 25 22 22 33 23 18 
28 9 12 28 18 11 22 33 33 26 12 33 25 23 28 22 23 18 18 22 
31 12 23 29 12 34 29 23 23 33 25 11 12 23 28 32 18 9 34 32 
33 12 18 22 22 11 34 28 12 26 28 33 26 25 26 33 34 12 22 33 
12 9 26 18 28 34 23 12 22 12 18 11 23 25 32 22 33 33 28 29 
11 33 9 32 26 11 32 31 11 28 28 22 22 33 18 28 33 26 31 18 
32 33 34 9 28 18 12 33 28 34 33 18 12 26 29 25 32 33 9 28 
11 26 33 28 33 33 22 32 29 33 34 26 18 33 26 25 25 12 31 18 
32 22 9 34 18 22 12 25 33 26 9 33 12 9 23 18 11 33 26 32 
32 34 32 28 11 18 18 12 29 18 18 22 12 12 11 22 12 34 34 11 
22 31 9 25 34 12 11 31 28 26 33 18 11 29 25 18 9 22 33 9 
23 23 28 18 34 33 34 12 11 9 29 9 33 22 22 9 12 33 29 18 
11 26 26 9 12 33 28 23 26 12 22 12 23 26 33 23 22 12 29 12 
9 32 33 26 18 29 22 29 18 23 18 33 26 22 22 33 22 18 26 26 
26 18 18 12 33 18 22 26 28 9 28 34 18 23 33 12 23 18 28 18 
18 28 28 9 26 33 25 23 26 22 28 26 12 22 31 25 23 22 33 18 
18 28 34 31 28 33 29 28 18 32 18 31 33 18 11 26 11 33 29 31 
33 11 9 33 28 18 12 18 26 26 26 31 26 23 28 28 18 22 26 11 
22 18 12 34 12 25 32 12 28 31 33 22 32 32 28 28 31 22 31 11 
22 11 12 22 22 22 22 34 34 18 25 29 22 29 28 33 31 25 22 18 
22 22 12 18 18 22 23 29 33 28 32 22 9 11 22 26 25 32 12 22 
12 33 26 18 18 23 33 31 11 26 34 32 9 22 18 34 12 28 25 22 
34 29 34 26 18 28 34 26 31 9 23 9 28 31 33 22 28 26 12 26 
11 12 18 22 26 28 22 28 28 11 22 25 18 31 32 29 25 28 31 18 
26 22 9 29 26 12 23 12 23 12 26 29 26 29 34 26 34 11 29 26 
29 26 12 29 29 34 22 25 33 32 12 9 12 26 11 26 18 29 29 33 
31 26 29 18 32 12 29 33 26 11 12 28 12 31 28 32 9 32 11 33 
26 12 29 26 33 31 18 22 25 33 26 23 29 23 28 22 22 12 12 26 
18 26 11 29 22 18 12 12 9 9 22 28 18 9 34 22 11 18 18 12 
22 11 12 12 29 23 12 22 32 12 11 28 18 34 23 33 22 26 12 29 
26 22 22 28 22 18 28 26 12 9 33 25 31 32 22 18 22 23 12 28 
22 11 25 33 28 33 12 28 28 32 23 18 23 18 11 23 22 26 34 22 
28 33 34 12 23 28 18 9 25 23 26 18 34 22 23 25 25 11 22 31 
34 26 33 12 12 26 34 28 33 32 33 28 29 25 33 33 22 25 12 33 
34 12 26 31 34 9 12 11 9 18 31 26 18 34 29 31 18 28 18 18 
18 34 34 23 22 22 33 11 28 22 12 28 26 12 12 22 28 22 28 33 
26 23 26 12 33 12 12 34 12 34 25 28 9 22 31 25 18 9 11 28 
25 25 22 18 33 33 18 34 23 12 28 31 28 9 18 34 12 32 12 9 
28 23 12 33 23 28 18 12 12 11 33 18 23 12 26 29 25 34 23 22 
9 32 23 29 18 22 9 28 12 9 33 29 32 22 33 31 25 22 25 22 
34 12 26 11 23 32 18 22 29 11 33 11 33 23 22 12 22 29 11 12 
18 29 22 12 29 28 12 9 28 23 18 12 33 28 26 26 11 32 25 28 
23 26 22 22 28 29 28 26 25 26 26 32 25 26 33 25 31 11 33 32 
22 26 25 22 31 29 33 11 25 18 9 33 26 23 26 12 28 22 33 11 
12 23 18 33 22 9 25 32 28 22 25 18 31 11 28 22 12 18 26 11 
26 34 18 33 12 25 23 29 12 34 12 29 33 11 9 34 29 32 25 28 
31 23 34 23 34 34 22 33 18 28 12 25 23 25 33 25 33 12 34 25 
12 18 25 18 28 26 12 26 22 34 22 32 28 11 11 34 23 22 12 29 
32 12 33 28 22 32 28 29 23 29 28 33 11 29 25 25 18 28 9 22 
18 34 22 12 18 34 28 22 33 22 12 12 28 32 34 22 22 34 12 9 
12 11 18 33 32 28 12 23 22 34 31 18 22 31 12 11 33 28 33 25 
34 26 11 18 26 32 32 33 34 12 31 31 12 26 25 18 34 28 11 12 
18 18 33 26 29 25 11 28 22 33 22 32 18 23 22 11 18 11 28 28 
23 26 31 26 12 26 26 11 18 22 18 9 28 31 22 12 9 33 29 11 
28 34 23 26 25 18 28 33 25 28 25 34 33 12 11 22 25 31 22 33 
22 23 28 18 23 28 11 29 22 9 22 32 26 33 33 25 22 26 33 18 
26 12 23 22 33 32 26 26 29 26 18 29 33 12 22 28 22 12 22 29 
23 29 12 32 22 18 26 11 31 33 18 28 29 9 26 33 12 34 32 28 
23 22 9 18 33 9 28 26 11 26 12 9 28 33 33 22 31 11 25 28 
31 31 29 22 31 29 9 31 22 18 12 33 25 18 28 28 12 9 12 31 
23 29 32 22 22 26 34 12 31 28 33 18 34 26 33 28 18 12 29 33 
23 12 23 23 12 18 34 26 18 26 33 29 9 18 26 32 28 9 22 32 
28 26 18 28 26 33 28 25 22 33 28 33 23 12 12 11 32 32 12 12 
18 26 18 26 22 11 12 28 22 18 12 9 33 25 31 18 23 28 32 28 
22 33 12 22 22 22 22 11 33 34 33 22 23 18 32 33 9 28 34 26 
23 22 26 23 18 11 32 22 23 29 28 33 28 32 9 29 12 11 26 9 
26 26 23 12 31 34 32 33 25 22 31 23 34 18 33 28 34 12 11 32 
28 26 26 26 12 18 28 29 18 22 22 23 33 31 26 22 33 12 33 22 
18 11 22 25 25 12 12 26 23 18 34 26 33 9 33 12 22 12 18 22 
26 32 18 29 23 26 18 12 18 12 25 28 32 9 9 29 11 31 18 26 
28 23 22 22 33 33 22 32 28 11 12 33 28 28 9 22 18 34 18 28 
25 12 23 18 18 22 12 25 22 34 18 31 12 12 34 26 22 9 32 18 
12 28 25 12 26 34 18 26 18 33 26 18 33 25 25 18 9 9 33 26 
29 28 23 22 31 18 12 11 26 29 34 11 29 18 23 33 22 23 25 11 
34 28 28 33 29 29 33 22 31 33 26 22 29 25 31 29 34 22 12 23 
25 29 31 25 23 18 33 12 29 22 18 12 33 25 12 22 26 33 31 28 
12 33 22 18 33 12 34 18 31 22 22 33 32 11 22 33 33 12 33 12 
31 26 12 18 22 22 11 34 22 33 31 11 18 34 28 9 33 28 28 11 
33 28 26 22 9 9 23 26 12 26 23 18 18 23 26 9 12 12 28 18 
9 31 9 11 11 28 26 18 22 12 22 12 22 22 22 11 11 34 33 31 
33 28 26 22 12 9 26 33 25 33 22 28 18 18 22 22 25 18 33 33 
32 22 12 28 12 26 29 18 33 9 29 32 31 22 18 18 34 22 12 25 
9 28 31 29 11 33 12 12 22 29 9 31 29 22 33 11 33 33 22 34 
26 33 22 33 11 23 26 18 32 28 23 18 29 25 12 28 22 33 26 29 
18 34 26 18 29 34 33 9 22 18 18 29 18 32 12 22 9 25 33 28 
28 33 22 26 33 29 25 12 23 31 26 23 26 12 11 18 22 9 12 29 
31 23 26 26 9 26 28 28 32 12 18 18 28 9 28 29 33 9 9 33 
28 23 29 25 23 18 22 12 29 25 18 11 34 28 9 11 34 33 23 33 
23 28 9 12 32 23 9 31 9 33 28 28 9 32 33 18 33 26 18 25 
22 22 29 11 26 32 11 25 32 25 26 33 12 12 23 26 34 33 31 33 
22 9 18 32 12 9 31 22 33 32 34 11 12 29 22 26 33 9 22 23 
33 29 28 22 25 34 18 25 31 18 32 12 23 12 29 12 25 26 22 12 
32 22 32 22 23 34 22 33 34 18 26 32 22 22 33 28 11 18 29 32 
28 25 31 34 25 34 11 34 23 34 31 33 33 28 32 29 25 26 26 23 
31 9 25 22 26 11 25 33 28 28 26 23 22 33 23 26 22 23 11 22 
26 18 26 18 26 26 31 28 22 32 18 26 32 12 29 12 33 18 28 32 
33 29 26 31 26 26 26 18 9 26 32 32 26 33 12 32 25 12 33 25 
22 33 33 22 25 28 31 26 33 31 32 12 23 28 12 28 23 11 12 25 
12 9 32 28 28 28 23 18 26 29 12 26 9 22 12 32 26 23 23 33 
9 25 18 22 23 33 12 18 22 18 18 25 22 22 26 12 28 26 29 28 
12 28 22 33 22 18 26 33 12 28 29 25 18 25 22 9 11 26 18 26 
34 9 18 29 23 23 18 28 33 33 26 12 12 22 12 29 26 9 33 34 
9 22 23 11 12 28 12 31 34 12 22 25 18 18 26 9 12 12 9 12 
29 11 29 26 12 28 12 33 31 11 18 12 9 22 34 22 26 23 18 31 
23 9 28 28 23 28 22 26 22 28 34 18 22 26 34 28 33 32 12 18 
22 28 23 34 32 22 12 11 26 23 26 31 22 31 26 18 11 33 9 22 
12 12 31 33 9 18 23 28 32 34 22 9 28 32 22 33 33 26 34 22 
29 9 22 28 12 29 18 28 12 12 33 33 18 33 11 11 12 23 34 25 
34 22 28 25 32 18 18 34 25 22 32 11 22 33 32 12 18 11 22 25 
9 12 34 33 18 29 26 12 23 22 26 9 18 29 23 22 11 33 33 29 
31 34 26 12 33 34 28 22 11 18 33 11 25 28 28 18 22 9 22 22 
34 12 34 32 28 31 22 33 29 32 12 31 34 33 26 29 32 11 26 12 
22 33 9 31 25 33 26 11 22 26 33 34 31 22 26 22 28 12 23 18 
33 26 31 33 12 33 28 26 22 26 22 32 18 12 26 33 25 18 31 31 
33 22 26 12 9 25 18 26 12 22 18 18 22 25 33 26 32 33 26 12 
22 22 28 18 12 26 28 25 28 18 25 34 33 34 11 26 9 34 11 12 
26 25 18 34 28 28 25 22 25 22 12 32 12 26 18 25 32 25 33 26 
12 12 25 32 32 12 25 22 31 33 9 18 33 12 26 33 26 22 9 32 
9 28 34 29 29 12 9 22 9 29 33 34 9 12 29 22 32 23 22 28 
23 12 29 28 12 28 32 26 34 29 26 18 18 9 9 22 26 12 32 29 
29 28 33 28 33 18 26 33 18 33 29 11 11 23 18 26 11 12 23 28 
11 29 25 28 29 23 29 11 32 33 34 18 18 32 22 33 18 22 29 11 
28 22 12 29 34 28 34 34 33 26 31 12 18 26 11 22 28 29 29 18 
18 33 31 33 23 18 22 34 28 11 18 12 28 11 9 25 32 18 22 18 
22 26 11 18 23 25 12 33 11 28 29 33 26 33 33 33 33 29 12 32 
28 22 12 12 26 12 26 33 23 26 33 12 12 25 12 23 28 12 22 34 
32 22 32 31 33 18 18 9 34 18 12 12 29 33 33 18 9 28 25 31 
12 18 23 33 33 23 26 29 9 28 18 18 11 18 28 26 12 28 33 25 
29 33 11 12 34 12 34 34 34 25 29 31 33 12 22 33 12 12 33 18 
18 28 31 31 29 18 9 26 31 9 12 12 31 31 18 22 28 29 26 33 
22 28 28 12 26 33 22 26 22 28 29 34 28 23 26 26 18 28 31 34 
33 22 12 33 26 29 32 22 28 11 23 22 25 29 33 11 11 22 26 26 
29 23 12 9 25 26 26 33 28 9 26 18 34 22 25 12 33 32 18 26 
33 23 28 9 32 33 9 12 28 33 28 32 12 22 12 32 26 33 9 9 
18 12 32 12 26 9 11 12 29 9 9 29 25 31 22 28 32 12 18 11 
22 12 31 22 18 23 32 25 12 34 31 31 34 9 31 34 34 22 26 22 
22 25 22 28 28 34 25 26 34 25 12 28 26 34 31 28 26 32 33 29 
18 23 28 32 23 22 18 18 28 32 23 18 34 12 9 28 18 28 12 28 
28 33 28 12 32 33 9 33 22 22 22 33 33 11 31 32 34 18 11 12 
33 22 34 26 28 31 26 12 33 31 12 31 18 23 9 33 11 22 22 28 
28 18 33 9 33 26 12 22 33 12 22 32 33 32 11 34 26 22 33 34 
11 18 33 18 22 11 9 9 33 25 33 9 26 31 32 18 22 18 26 31 
31 33 9 32 18 34 31 33 22 34 28 31 25 18 31 33 9 18 22 23 
9 12 25 32 18 28 32 28 22 9 22 31 33 9 23 34 11 11 26 32 
33 22 33 25 23 18 18 34 18 23 25 31 9 26 33 11 29 26 12 33 
9 29 12 28 18 28 33 33 28 33 23 9 33 12 22 33 33 23 33 26 
26 23 23 9 31 22 23 12 18 18 28 34 11 23 28 32 12 22 23 33 
32 29 18 12 34 23 31 31 25 33 9 28 23 18 34 28 26 29 33 22 
33 22 18 33 18 9 25 23 26 25 9 9 26 32 22 26 31 18 25 34 
18 26 23 12 26 9 26 22 33 29 26 18 25 18 9 33 11 18 25 23 
33 28 34 9 25 12 12 28 28 31 22 25 28 25 32 12 26 22 11 18 
18 31 29 12 25 12 34 26 22 12 26 28 34 23 34 12 34 26 23 12 
33 18 28 29 26 18 34 28 9 28 29 23 32 34 33 12 28 9 23 12 
33 31 18 25 31 12 18 12 22 12 22 34 12 18 29 23 22 29 12 28 
33 9 31 25 33 34 25 22 12 28 26 12 34 33 23 12 32 34 22 12 
33 28 9 33 25 18 12 26 18 28 12 34 26 18 34 25 34 23 18 9 
9 26 26 25 23 23 25 26 33 22 26 9 28 18 12 26 26 23 29 32 
18 11 11 26 18 34 22 22 12 23 25 29 23 18 11 33 22 32 28 25 
18 28 31 34 29 9 9 18 18 31 22 34 9 33 26 33 22 33 22 28 
28 22 11 9 28 22 22 18 34 33 34 12 12 12 25 12 34 11 31 33 
25 26 33 28 22 33 18 25 34 28 9 22 32 28 22 28 26 9 22 18 
12 31 9 22 18 12 22 32 11 18 9 25 31 23 12 11 32 9 22 26 
12 12 32 12 18 33 25 23 28 32 11 26 29 33 32 33 11 26 28 12 
22 12 18 9 22 26 28 23 18 31 22 28 28 22 34 12 32 33 31 33 
26 33 11 11 22 22 9 23 29 28 9 22 28 12 33 26 26 28 18 28 
25 12 32 18 28 33 29 28 28 31 12 12 18 18 18 12 26 22 31 18 
12 28 33 23 22 32 34 22 11 26 22 25 11 33 12 33 23 32 22 22 
18 18 22 34 9 26 32 29 33 31 18 22 26 18 26 11 29 23 23 28 
26 22 12 12 9 12 29 22 18 25 26 28 9 25 29 33 23 29 22 31 
12 29 18 32 28 22 33 33 31 31 32 25 31 9 23 28 26 23 22 9 
18 28 28 25 26 22 25 26 22 26 34 18 28 32 22 28 31 18 31 22 
28 12 28 32 12 22 22 18 26 18 29 9 26 11 33 11 33 23 23 34 
32 12 33 22 23 12 18 11 22 12 25 32 31 28 11 11 26 22 25 26 
32 31 32 12 9 12 22 9 28 22 12 33 9 32 26 34 26 22 26 26 
34 12 29 22 33 22 12 11 22 22 32 12 28 12 23 11 9 32 28 18 
32 22 23 28 18 11 28 18 12 23 18 28 28 9 22 26 26 22 12 22 
18 9 18 22 18 18 29 28 11 29 33 33 22 31 25 11 11 29 22 28 
12 12 28 28 18 12 22 18 32 22 26 28 12 26 28 29 22 26 18 28 
12 12 18 33 29 18 32 26 29 22 29 25 26 9 12 28 26 33 11 11 
34 11 32 28 18 33 32 34 29 26 9 22 32 32 28 12 34 28 22 25 
22 26 25 26 11 9 22 34 33 33 12 28 12 12 18 28 31 33 11 29 
26 12 23 26 33 29 18 34 18 26 11 26 28 18 28 33 12 26 12 26 
34 11 34 34 12 18 34 22 23 9 22 29 31 31 34 12 26 9 28 34 
32 28 29 28 26 31 25 34 18 18 22 28 25 28 11 29 25 32 29 26 
33 23 29 9 22 22 34 9 28 33 9 26 33 25 18 12 34 26 34 26 
34 22 23 26 32 18 34 28 31 22 26 9 25 23 33 11 28 25 29 31 
18 28 28 33 12 23 31 22 26 22 26 9 11 11 12 28 22 12 33 12 
23 26 9 22 32 18 25 28 22 26 33 22 29 29 29 23 29 11 32 26 
22 26 12 31 29 34 31 28 9 23 26 28 23 11 18 11 18 11 26 26 
28 22 26 18 26 33 22 32 26 31 28 31 11 12 26 11 34 12 29 33 
12 33 32 26 23 25 22 12 26 12 33 12 25 18 9 28 33 28 26 33 
18 33 34 25 33 18 23 33 33 33 25 26 28 32 28 9 11 22 26 12 
26 12 28 28 23 31 18 28 12 29 25 34 22 12 33 34 12 33 28 28 
12 33 23 18 28 9 23 28 12 34 26 26 23 26 33 28 34 32 28 23 
31 28 31 32 29 26 33 12 18 33 11 29 28 31 12 18 28 12 32 22 
25 26 31 22 22 23 18 11 12 28 18 11 28 29 22 31 28 18 22 12 
18 12 28 33 22 12 28 33 18 26 34 33 26 29 29 12 9 9 33 32 
22 28 32 33 26 33 34 28 28 12 31 18 22 18 23 18 28 34 29 26 
18 22 12 18 22 33 33 28 18 32 26 9 26 12 12 12 31 22 18 25 
22 26 12 26 18 9 33 12 31 18 32 18 22 25 18 29 28 32 18 23 
28 32 22 22 25 25 23 26 18 26 22 26 22 28 12 23 22 26 12 26 
12 32 12 22 18 12 28 23 22 29 12 28 12 18 18 29 26 18 12 33 
25 23 22 33 34 32 26 23 28 28 12 28 26 18 33 33 26 28 33 18 
34 22 23 34 12 25 12 25 23 11 9 12 34 26 34 32 12 12 22 33 
28 18 28 23 33 28 34 26 26 9 25 22 18 29 28 31 28 22 28 22 
11 12 33 26 26 18 18 33 28 18 18 23 9 34 23 32 33 25 12 11 
22 18 12 31 18 18 18 28 26 23 22 12 31 18 9 23 18 23 26 22 
32 33 23 9 9 32 33 29 29 31 33 9 28 29 12 23 23 31 22 9 
25 33 22 26 22 26 33 12 22 26 28 18 33 33 29 23 33 22 34 28 
33 31 28 32 31 22 28 22 22 26 12 18 9 18 29 22 28 25 31 11 
9 26 18 29 22 25 28 11 26 33 9 31 29 25 28 34 9 31 34 22 
28 25 25 12 22 29 28 26 22 26 9 28 22 22 23 28 23 31 12 11 
31 33 25 9 33 26 25 28 25 28 33 29 11 18 22 28 12 33 12 23 
26 29 31 33 28 31 18 29 25 23 26 26 23 25 22 29 28 25 11 26 
18 28 32 26 23 9 25 18 33 25 25 18 26 28 25 28 33 28 32 22 
23 26 12 33 11 25 12 31 25 26 9 29 12 26 25 12 11 26 9 28 
18 29 26 25 33 31 11 18 11 32 34 25 12 12 34 12 12 22 29 29 
22 18 26 11 34 28 28 9 18 9 33 22 26 22 23 23 32 18 28 28 
22 33 31 34 25 18 28 29 31 34 25 23 9 28 25 33 26 18 18 31 
23 33 12 9 11 32 22 11 9 26 12 18 12 31 29 25 12 33 25 12 
34 18 11 12 29 26 32 22 34 12 22 32 28 33 12 28 18 26 33 12 
22 28 28 32 9 28 23 34 11 31 11 29 12 18 28 26 28 28 12 11 
28 22 28 26 25 31 26 28 32 33 34 34 32 12 26 31 18 28 25 32 
18 31 12 26 33 25 25 25 12 12 26 28 18 25 31 26 28 26 28 23 
31 9 18 34 33 12 18 12 31 28 33 31 23 22 9 12 11 28 29 18 
18 22 33 28 12 22 26 31 12 26 33 18 9 32 9 32 12 12 25 32 
26 32 26 29 29 11 32 26 31 26 28 11 29 18 11 32 12 22 26 18 
22 9 31 23 25 28 12 31 28 18 23 33 28 31 34 23 28 33 28 28 
22 28 22 12 28 23 22 29 34 25 23 22 29 9 26 22 11 34 18 11 
12 26 25 32 18 26 23 23 33 28 23 28 12 29 23 26 22 18 25 33 
31 22 12 26 9 28 25 12 33 22 28 11 26 26 31 33 28 22 22 31 
18 29 33 12 33 34 29 22 33 26 9 34 23 22 22 25 28 22 18 31 
22 9 23 33 22 33 32 28 25 26 12 29 34 25 33 18 22 12 29 18 
31 22 22 22 12 33 12 31 18 25 31 18 33 26 26 29 33 26 12 11 
23 9 22 18 33 28 26 22 12 9 28 33 23 11 28 28 28 23 22 11 
25 18 31 26 32 11 11 11 25 9 11 18 33 33 28 29 12 28 18 11 
31 18 12 29 26 11 34 28 33 26 23 18 25 12 12 22 25 12 11 12 
18 28 12 12 22 31 34 31 9 22 33 22 28 25 33 31 11 26 28 26 
33 31 26 18 31 9 11 22 28 33 31 22 9 28 23 33 31 33 18 11 
12 26 9 26 28 31 26 32 22 26 9 26 33 12 9 26 11 34 29 26 
22 28 31 18 26 22 23 26 33 11 12 22 18 9 34 34 28 22 34 33 
22 28 25 18 33 9 34 12 29 29 12 22 26 12 34 28 31 18 33 12 
12 33 26 34 26 18 34 29 9 11 18 29 9 34 33 9 28 33 33 22 
18 12 34 29 28 31 33 22 11 25 23 22 9 22 26 18 34 26 33 33 
12 25 28 18 22 33 25 26 28 11 33 28 32 29 26 26 12 26 29 31 
9 31 18 11 28 18 31 23 12 26 28 12 9 26 33 22 33 12 26 18 
28 31 23 9 22 11 33 28 22 23 28 11 18 12 18 31 26 12 31 25 
26 11 22 11 28 23 11 22 23 33 12 18 33 33 26 22 9 29 18 22 
34 12 32 12 33 26 31 26 33 18 34 25 31 26 33 26 23 28 22 29 
11 18 33 11 33 23 26 34 34 32 12 26 11 28 11 29 18 12 31 22 
29 33 18 23 11 31 33 12 33 32 29 28 18 11 33 12 26 18 26 22 
23 22 11 23 22 23 34 33 23 11 9 31 23 9 31 26 11 23 12 18 
26 18 32 12 26 26 33 12 18 25 31 33 22 23 22 33 26 32 26 26 
33 18 26 23 32 18 23 32 31 29 22 29 22 12 25 33 31 26 23 33 
31 11 28 26 33 22 18 33 25 23 28 12 34 26 32 34 28 29 26 18 
22 28 18 11 18 28 11 31 18 31 28 23 22 18 11 26 33 29 26 9 
11 26 33 32 33 29 12 33 32 22 33 12 29 28 26 29 32 9 28 33 
34 34 28 18 31 12 33 22 29 34 22 18 32 23 9 32 12 34 26 28 
22 28 33 31 18 12 12 32 22 9 12 22 12 26 32 25 29 34 32 34 
11 11 29 26 18 9 12 26 11 22 32 34 28 28 12 26 33 29 25 34 
29 23 26 23 31 12 9 31 31 11 12 29 26 22 28 33 12 12 9 26 
22 9 11 18 33 31 26 29 25 11 28 28 23 33 29 28 28 9 18 33 
32 26 31 11 22 11 12 9 18 31 26 18 32 32 11 26 22 12 25 12 
22 33 25 11 26 26 33 22 9 33 23 26 22 12 32 32 33 22 28 18 
18 11 9 33 33 18 26 32 11 25 25 28 11 9 32 29 28 23 33 28 
29 12 12 22 18 22 12 11 25 11 29 18 25 22 25 12 18 32 12 9 
34 22 22 31 18 9 34 33 12 28 18 28 33 22 12 9 23 33 33 23 
9 11 34 11 28 32 33 18 28 18 12 18 32 33 33 28 11 22 22 31 
34 12 32 12 31 12 28 33 28 12 22 22 18 26 22 12 23 18 12 11 
23 22 28 28 18 31 33 33 31 12 18 33 34 32 18 12 29 34 26 33 
12 28 29 12 22 33 9 26 34 22 29 32 28 32 12 12 29 22 33 12 
11 18 28 18 18 12 34 26 28 28 12 26 22 29 28 26 33 29 9 26 
28 22 12 28 33 33 25 32 29 32 25 18 26 12 31 18 26 9 18 28 
33 18 26 18 23 18 28 18 28 34 11 26 12 22 11 33 26 33 11 33 
28 28 18 12 26 31 18 28 18 28 33 12 28 18 33 22 22 22 34 9 
34 34 26 31 12 33 12 31 23 18 33 28 26 32 31 18 28 33 9 32 
23 26 12 18 23 26 28 26 31 31 22 33 11 23 23 22 28 33 29 33 
12 28 12 22 9 12 9 28 18 26 22 22 31 9 18 26 12 29 26 33 
28 26 18 26 12 32 12 9 18 32 22 12 9 11 11 32 12 26 22 26 
18 33 11 34 11 9 28 33 12 22 34 32 33 28 34 18 31 9 34 26 
11 31 23 28 12 26 31 18 25 26 26 12 12 18 28 31 23 12 31 18 
22 33 18 31 28 33 22 29 33 33 12 26 23 22 26 18 22 22 11 28 
12 26 25 33 31 12 23 33 18 9 11 23 18 32 18 9 23 12 12 34 
25 12 9 33 22 11 33 28 18 25 33 12 11 29 9 26 28 28 18 22 
18 34 31 33 28 33 18 29 34 32 31 34 34 23 33 28 26 9 18 11 
23 34 9 12 29 31 11 12 12 33 34 23 31 23 26 11 28 28 34 22 
31 9 33 28 26 33 28 26 12 26 26 31 12 23 28 31 26 11 26 33 
11 11 29 22 9 26 12 33 12 32 18 18 23 23 11 28 28 22 28 12 
26 28 26 32 26 18 26 28 11 26 22 22 32 12 22 25 22 12 26 34 
25 32 9 26 28 22 22 18 34 29 33 23 12 26 32 18 26 26 33 18 
25 22 9 23 34 22 11 22 9 31 18 32 28 23 22 31 26 22 33 12 
28 28 31 18 26 29 33 22 12 33 12 25 22 28 12 12 9 18 28 31 
9 28 18 18 11 26 26 18 32 18 31 26 22 23 31 28 28 33 28 18 
26 33 33 34 12 12 9 22 18 23 32 26 26 28 12 34 29 18 28 26 
9 26 32 25 11 32 29 33 26 12 25 12 25 32 33 9 22 22 26 33 
23 18 26 28 23 12 12 25 11 22 12 33 18 23 31 33 22 12 22 12 
31 33 9 32 12 23 29 9 33 32 25 26 18 12 25 18 22 31 26 22 
28 34 11 11 12 22 28 33 26 12 22 12 28 26 33 28 12 22 9 25 
28 12 29 22 22 31 29 22 12 12 18 31 34 12 22 28 11 32 18 31 
9 33 11 12 12 11 34 26 26 22 22 18 18 18 29 25 12 11 23 26 
33 33 34 18 18 26 18 34 25 29 11 9 33 12 9 34 31 25 18 18 
23 33 28 9 28 23 12 28 32 18 31 25 18 32 23 33 26 26 29 32 
12 18 26 12 11 12 33 32 18 33 12 23 26 32 33 11 23 29 28 33 
28 33 23 32 32 22 33 26 26 31 29 28 26 31 32 31 9 12 26 33 
22 22 22 11 12 26 26 9 28 33 26 28 22 18 28 23 18 31 22 25 
32 18 25 18 28 18 23 22 33 22 33 34 29 33 9 32 11 9 22 18 
11 29 31 9 33 18 29 28 11 33 23 23 33 33 12 28 33 12 34 31 
23 12 33 11 9 11 28 33 11 31 22 29 22 29 33 12 22 34 34 31 
34 26 22 33 33 22 22 34 33 29 25 29 25 33 12 22 28 25 26 28 
12 11 31 22 18 18 12 29 33 28 9 32 23 18 12 25 25 18 33 18 
29 23 26 25 25 18 22 11 33 9 18 12 22 9 28 22 26 28 26 22 
34 25 9 34 29 22 18 22 28 29 26 18 25 28 18 31 32 34 12 18 
12 29 22 33 26 32 29 34 23 26 12 23 18 28 26 18 12 11 33 12 
22 18 28 11 25 28 22 31 31 9 33 28 33 33 28 12 22 26 26 26 
9 18 9 18 29 33 32 28 12 26 34 33 12 22 28 34 29 9 26 26 
34 26 26 34 25 12 28 22 18 22 11 12 26 18 12 12 34 23 11 9 
18 23 11 23 33 28 33 33 31 33 34 18 31 32 22 26 12 26 12 33 
32 31 26 34 23 22 22 9 18 34 12 33 28 34 12 33 25 32 22 25 
29 29 9 28 33 25 12 23 29 29 26 31 25 23 28 33 12 26 23 25 
9 12 26 25 29 26 34 23 12 12 28 18 34 12 33 25 18 18 11 34 
18 28 11 29 23 32 29 18 12 29 33 23 32 11 23 11 31 18 34 33 
32 26 11 33 25 11 28 18 28 12 22 33 12 28 22 18 28 9 18 28 
9 23 33 28 23 22 22 25 22 18 12 34 31 9 25 18 12 9 12 22 
11 31 18 28 22 34 25 26 22 28 18 11 9 12 33 25 12 22 22 32 
28 26 22 32 33 26 18 31 33 32 23 33 26 29 31 12 11 12 33 33 
11 12 18 29 34 26 31 26 28 18 33 33 28 23 9 26 12 26 23 26 
26 31 29 28 18 22 26 32 26 31 31 33 31 9 29 32 34 9 26 33 
18 12 29 12 11 11 22 22 18 25 28 12 28 28 23 25 33 11 22 22 
25 9 32 22 18 23 26 29 18 28 33 33 26 18 9 28 11 12 28 9 
23 12 26 9 31 22 11 31 18 9 33 33 12 11 22 18 9 33 34 26 
9 28 12 23 33 23 28 11 26 32 22 25 18 31 29 12 34 34 31 33 
22 28 29 25 29 25 25 9 28 25 12 32 9 12 11 12 34 29 22 18 
25 26 18 31 32 26 33 26 11 34 31 25 23 31 28 32 32 12 33 29 
31 28 25 29 33 9 12 32 22 34 31 34 12 33 28 12 33 9 12 18 
33 9 33 28 11 33 28 32 12 12 26 12 18 9 26 23 12 32 9 34 
12 12 9 25 11 18 26 12 11 28 26 12 25 18 22 28 9 23 28 25 
22 25 26 18 11 9 34 34 28 12 26 33 22 11 26 25 23 12 32 26 
22 22 29 32 26 12 18 22 12 18 18 31 11 23 34 11 26 22 33 18 
33 29 34 9 28 33 34 12 23 18 32 32 28 18 18 12 29 12 28 32 
18 26 31 18 22 32 28 33 12 26 11 12 18 18 12 26 23 33 28 12 
33 26 22 12 22 28 28 22 11 26 31 22 18 18 18 23 12 31 28 9 
25 22 32 22 12 9 18 18 28 22 22 34 18 26 18 29 9 28 18 31 
18 18 28 31 33 22 12 11 31 18 23 12 22 23 34 23 26 12 34 34 
12 22 12 23 29 28 18 26 32 31 18 29 26 26 34 22 29 11 28 32 
22 22 12 33 23 12 25 12 32 26 11 33 32 31 18 33 18 28 18 26 
31 32 26 33 18 12 28 22 28 12 18 28 34 28 12 18 22 25 28 26 
33 33 34 18 33 26 18 28 25 9 29 33 22 9 33 26 34 33 26 28 
23 11 26 33 34 26 31 28 18 34 12 18 22 9 23 9 22 22 28 22 
29 22 26 22 28 23 34 12 34 22 26 34 32 28 18 23 34 34 34 29 
9 25 18 33 18 22 29 9 34 31 33 11 23 22 28 18 12 26 18 26 
34 31 23 33 33 11 11 22 33 12 22 33 26 31 18 32 28 26 33 11 
33 18 9 28 18 29 26 26 18 33 25 33 29 22 28 23 22 26 11 34 
28 9 31 22 31 22 12 11 9 22 12 31 18 29 23 34 11 18 33 18 
12 33 12 32 18 18 34 23 29 33 29 28 22 33 22 12 18 11 9 32 
11 26 31 9 18 33 11 29 11 26 31 26 25 18 22 18 28 33 18 33 
12 23 22 28 11 11 28 12 31 26 32 12 33 29 33 9 25 33 28 31 
26 28 12 12 29 26 18 28 26 29 31 26 11 23 18 11 22 31 33 12 
18 33 12 22 34 22 28 33 32 11 18 26 33 9 26 12 33 28 34 32 
26 31 12 25 12 22 23 26 31 9 29 31 28 33 9 9 28 12 25 23 
22 11 29 33 34 28 29 28 28 34 34 29 22 26 34 12 9 34 29 11 
26 33 23 33 18 12 34 18 18 33 18 25 29 9 12 22 12 26 25 28 
22 26 12 28 26 23 33 33 31 29 31 28 22 29 29 25 9 34 33 12 
22 9 28 28 22 28 12 28 11 33 31 26 32 28 26 23 26 22 22 29 
31 32 22 26 33 12 34 12 12 34 11 11 9 26 12 18 25 9 18 28 
22 26 29 31 29 26 33 29 9 26 26 31 23 22 18 26 22 25 12 33 
26 33 23 11 12 26 12 26 12 22 33 18 33 34 33 22 18 22 26 23 
25 9 25 12 32 22 26 32 22 29 28 33 26 28 25 29 28 33 12 25 
23 28 28 11 23 22 29 18 33 9 32 28 29 26 22 32 23 25 29 29 
22 22 25 18 11 22 31 33 31 26 12 26 9 23 31 26 9 29 31 18 
9 34 9 23 26 34 34 22 18 23 33 32 23 33 31 33 33 31 33 33 
23 31 18 28 11 26 33 12 33 12 32 25 28 22 31 26 22 18 18 33 
25 28 11 25 12 25 26 18 26 28 34 18 26 29 25 31 26 29 11 22 
22 33 28 9 26 26 18 33 34 26 34 29 9 29 25 18 12 12 29 32 
29 18 18 28 32 18 12 33 31 29 12 18 25 12 25 12 34 23 12 9 
32 33 33 18 12 29 28 18 28 32 28 11 9 12 33 22 22 23 25 33 
28 23 18 18 28 12 18 32 29 28 29 31 31 25 25 26 31 26 33 9 
26 28 11 25 22 28 23 22 25 11 12 18 23 28 32 33 31 28 9 26 
22 22 11 32 33 22 25 33 12 12 34 18 32 34 22 12 22 32 28 23 
18 26 9 22 26 18 22 33 26 32 11 33 22 28 9 33 18 18 26 26 
31 9 18 26 28 28 18 12 28 33 18 11 18 28 18 23 11 29 33 28 
25 12 31 32 22 28 18 18 25 9 11 9 32 26 31 33 11 33 26 33 
28 33 9 23 23 29 33 28 32 22 26 22 25 34 23 32 22 22 11 26 
11 32 12 33 9 12 25 26 29 12 29 9 28 12 11 18 28 31 18 23 
12 18 34 32 34 31 22 11 28 12 18 22 34 25 18 26 12 12 33 12 
26 31 31 28 28 18 25 9 33 34 12 26 33 18 26 11 22 26 26 31 
25 33 28 28 33 31 25 9 12 33 22 33 9 25 23 31 9 26 18 29 
29 12 12 29 33 34 18 12 18 26 12 26 31 26 26 9 11 31 31 22 
28 25 26 18 28 28 23 9 34 23 25 29 25 22 32 33 28 29 18 32 
32 25 28 25 32 11 12 26 33 32 31 31 28 25 26 28 18 28 26 33 
29 33 22 28 26 12 22 18 11 9 34 32 33 23 22 26 22 28 33 33 
28 18 25 31 23 28 32 22 33 26 31 23 23 11 26 18 29 33 9 26 
18 28 26 22 9 12 28 23 22 32 28 33 33 23 25 18 33 32 26 28 
31 11 26 25 28 18 33 33 25 26 31 31 28 18 25 28 32 18 34 32 
26 11 33 29 22 28 22 9 33 12 23 9 26 32 12 9 33 26 12 28 
32 32 33 12 34 33 9 33 28 28 28 9 28 31 18 26 28 25 25 28 
18 32 18 23 9 18 23 32 9 33 34 22 28 12 22 34 11 29 9 29 
22 9 26 9 9 28 29 25 31 25 11 22 18 33 11 22 12 26 33 33 
12 32 22 26 23 9 31 29 32 12 34 25 23 34 28 33 28 23 28 11 
18 12 9 32 12 26 34 28 32 33 22 12 28 22 11 32 31 18 33 26 
22 33 34 11 9 18 33 31 33 22 11 26 26 12 33 18 26 18 9 12 
26 26 18 23 11 11 18 11 34 18 22 18 18 26 9 22 12 11 28 32 
18 32 29 34 22 31 18 32 26 18 23 25 33 33 32 33 31 23 11 18 
32 26 28 25 33 18 28 9 12 22 33 18 12 31 33 33 26 18 34 18 
26 26 18 29 26 26 12 29 18 9 33 18 33 33 34 31 31 25 28 26 
11 34 29 31 32 26 22 11 22 22 9 26 18 33 34 22 22 12 12 28 
33 33 11 18 12 26 22 12 9 33 23 33 31 33 32 18 28 33 18 28 
11 11 34 25 18 25 33 12 9 18 18 18 12 12 32 31 26 33 32 34 
22 9 28 12 18 18 11 28 23 32 25 26 9 31 22 22 18 33 18 12 
23 23 22 32 22 28 12 28 18 33 11 9 18 29 23 22 18 9 26 18 
31 32 9 28 12 9 23 33 9 29 32 11 29 12 28 25 12 33 12 32 
32 34 25 22 33 33 28 25 31 23 22 18 32 9 28 28 33 9 18 9 
22 22 9 12 22 18 28 9 33 34 23 12 28 28 29 18 11 12 33 9 
31 32 29 9 18 28 31 33 33 26 28 31 9 22 32 12 28 32 12 33 
26 34 32 12 18 31 31 25 33 18 22 33 34 22 33 22 9 22 33 29 
33 31 11 28 11 28 18 28 28 25 22 18 22 32 18 33 12 32 33 23 
26 18 34 33 26 9 33 34 23 9 22 28 26 9 34 32 29 23 26 22 
18 11 31 11 28 28 33 31 18 25 9 12 29 25 25 22 26 12 12 26 
26 33 25 12 22 31 26 22 34 12 26 25 12 34 25 22 33 26 18 11 
26 26 31 9 18 25 28 22 18 26 18 34 31 26 18 9 11 33 33 25 
12 34 22 34 22 18 18 29 26 18 28 29 23 32 22 18 18 9 9 33 
22 33 11 26 31 22 33 28 26 33 26 12 26 23 18 22 26 22 22 33 
22 34 12 33 28 18 28 26 33 25 12 18 9 34 23 29 22 11 22 28 
18 28 33 29 25 25 33 28 25 22 9 22 18 22 32 26 28 18 31 29 
12 23 22 26 26 26 9 28 33 28 18 22 9 29 9 34 22 12 31 22 
32 12 33 9 29 23 12 12 32 12 33 28 22 33 26 28 26 33 12 12 
12 12 26 25 18 33 9 11 34 22 22 34 26 32 25 22 23 18 33 9 
22 18 33 11 22 11 33 22 9 32 25 34 32 26 33 22 32 25 12 32 
12 26 18 18 22 11 9 9 23 12 26 11 11 22 28 23 9 33 9 12 
23 23 12 12 11 34 33 34 22 9 26 29 31 26 23 31 18 29 33 25 
22 29 22 18 18 9 11 22 18 33 23 25 22 25 22 18 26 33 28 32 
32 9 22 12 18 12 29 11 18 28 12 11 26 11 34 12 9 28 22 31 
26 32 9 25 18 33 12 29 32 23 9 23 12 34 33 33 29 33 33 28 
32 26 29 12 11 33 33 32 26 34 18 23 9 33 12 26 32 31 29 25 
23 33 34 12 26 18 26 25 34 26 28 33 26 12 29 18 22 25 22 26 
26 22 9 18 31 29 33 11 23 28 28 22 28 26 28 31 29 18 22 34 
26 18 31 33 33 18 9 12 22 26 26 11 25 28 9 29 33 29 22 33 
34 9 12 12 22 22 26 28 29 23 22 25 33 32 18 18 12 11 26 25 
22 12 12 22 26 31 31 11 25 28 9 12 32 33 11 26 33 33 9 22 
9 26 25 32 34 9 34 34 31 12 22 34 32 22 31 33 26 31 26 22 
9 28 33 23 31 12 28 32 32 9 29 25 33 29 34 18 29 28 29 34 
29 33 18 28 25 33 12 22 32 25 12 29 9 28 22 9 28 31 33 33 
31 26 12 28 28 25 18 28 26 32 28 29 12 25 33 31 26 29 18 22 
11 34 18 12 26 33 23 18 28 32 34 33 28 25 22 28 33 12 31 28 
33 9 25 33 28 12 18 23 9 23 11 22 33 12 31 22 18 34 11 12 
33 32 34 28 22 33 31 28 12 31 33 25 31 26 23 22 22 12 28 25 
34 22 22 22 25 28 28 31 26 12 32 26 12 18 28 26 31 29 12 29 
28 28 31 18 34 12 26 26 33 28 33 22 18 18 9 33 31 22 9 33 
29 33 32 28 9 12 25 11 31 23 23 12 34 22 11 34 18 11 23 29 
23 29 33 33 9 34 18 33 26 32 12 26 28 28 33 32 11 33 33 34 
32 22 22 23 26 12 33 9 34 25 28 18 28 28 33 12 28 11 28 26 
11 28 12 34 9 18 11 33 33 11 32 22 22 26 28 28 22 9 28 22 
32 12 11 28 32 11 31 11 33 25 32 9 12 9 28 26 11 25 22 22 
11 28 18 22 22 28 12 11 33 18 28 28 12 32 12 22 31 18 26 11 
28 33 18 11 26 31 26 26 25 18 33 22 22 34 32 9 9 26 9 18 
11 22 22 33 33 25 11 32 12 18 33 12 18 22 29 18 18 33 26 22 
18 26 26 33 11 26 26 26 33 25 25 22 11 31 33 12 31 11 33 33 
26 18 34 26 25 23 33 28 12 18 28 12 29 33 31 18 9 18 31 23 
9 29 26 12 11 11 12 33 28 33 32 28 33 33 33 28 29 11 23 26 
11 25 28 9 33 9 25 34 9 33 34 34 12 33 23 12 31 9 18 12 
31 29 28 31 22 11 18 29 31 22 12 12 28 12 33 12 12 18 31 22 
28 34 22 31 9 9 29 18 32 28 12 28 18 12 12 22 31 12 28 29 
28 25 33 22 23 11 32 34 33 33 11 26 12 25 34 34 9 28 28 18 
33 22 31 28 29 18 26 9 23 28 22 23 18 28 32 9 11 18 23 11 
33 11 11 31 25 26 11 33 29 18 12 12 11 23 33 26 32 33 22 31 
28 12 25 31 33 26 33 12 11 23 12 29 26 25 32 9 28 11 12 26 
9 11 32 33 28 26 26 28 12 33 29 32 22 22 32 9 11 33 31 31 
18 25 34 22 33 18 33 12 26 25 12 22 28 26 34 33 18 31 26 31 
22 26 18 9 11 31 33 22 26 11 32 11 25 18 18 18 32 33 9 26 
12 22 12 31 28 12 18 22 34 26 33 9 11 25 28 12 25 18 18 12 
22 25 23 23 26 25 29 33 33 18 31 9 9 11 33 31 28 9 32 33 
18 25 22 28 28 11 31 12 12 25 33 33 9 33 25 9 11 11 34 26 
25 22 22 12 34 26 32 32 29 32 33 33 33 22 9 9 11 28 26 12 
33 26 26 29 28 31 33 34 25 28 22 29 9 34 18 33 18 9 18 31 
18 26 25 29 11 26 32 28 33 11 11 22 26 12 12 25 34 12 26 23 
33 18 28 26 32 28 22 23 22 12 22 23 18 26 26 32 22 18 32 23 
25 18 28 18 9 33 11 22 22 26 32 33 12 9 25 26 33 18 12 9 
11 29 26 33 34 34 11 26 12 9 28 28 22 28 12 22 18 12 34 28 
33 26 32 23 33 9 18 22 25 12 28 25 12 22 23 31 31 26 11 32 
31 12 28 12 28 33 22 9 25 28 23 31 34 22 28 29 18 34 33 26 
32 18 26 33 26 26 12 12 18 33 11 9 28 9 25 12 33 31 29 9 
12 12 33 26 29 33 29 28 23 12 12 12 31 26 34 28 32 26 28 23 
22 26 23 28 32 28 22 33 33 18 25 18 23 34 32 11 33 26 31 18 
32 32 26 32 31 34 28 34 32 26 32 23 18 9 26 33 26 32 31 11 
34 22 18 32 29 22 34 22 28 18 25 28 33 29 22 18 25 9 25 32 
18 18 12 28 34 22 12 28 22 29 32 29 26 22 26 28 29 25 18 25 
29 18 12 32 18 23 12 25 26 12 11 25 18 33 31 33 12 33 32 11 
34 33 22 29 11 26 12 12 28 23 34 11 28 26 11 34 22 22 25 28 
18 32 22 26 32 31 28 28 22 9 26 32 33 23 33 11 12 33 28 26 
18 18 29 18 25 9 25 29 31 29 18 18 29 25 18 18 23 11 18 33 
22 26 9 26 18 18 33 29 18 31 26 12 34 28 11 18 32 29 33 26 
25 31 22 18 28 9 23 12 33 11 29 33 31 33 23 22 33 12 33 12 
26 31 25 23 33 9 33 26 12 11 31 22 25 22 18 34 18 29 18 25 
31 9 18 18 18 28 18 28 34 18 33 33 28 29 9 29 32 18 12 33 
28 18 28 23 28 12 18 32 18 25 32 22 22 26 23 34 26 31 29 23 
28 31 22 18 31 29 26 26 28 33 33 26 33 33 31 12 33 33 33 12 
12 26 33 9 22 9 23 33 32 28 34 28 18 9 18 33 31 28 12 28 
18 26 26 18 33 28 18 9 12 28 23 9 28 22 31 29 28 26 28 12 
22 28 23 29 12 29 31 12 22 12 25 18 31 32 11 34 33 28 31 28 
18 28 26 31 18 25 22 18 28 33 33 11 33 25 29 12 11 29 33 31 
33 29 34 34 28 25 23 18 12 34 9 22 22 23 12 33 18 22 22 32 
18 9 12 22 33 12 26 31 28 23 33 28 32 32 12 23 22 18 18 28 
18 9 28 33 28 33 32 23 18 33 33 18 28 28 18 23 18 12 22 18 
9 11 22 23 26 33 28 34 26 26 9 32 28 33 9 32 25 31 25 25 
32 22 31 18 33 32 28 34 18 12 28 28 31 25 33 9 25 28 18 31 
25 9 11 11 12 9 22 12 12 22 11 26 9 23 12 31 9 31 29 31 
33 29 23 11 18 26 33 34 12 22 34 26 22 22 31 18 22 28 31 9 
23 33 11 31 26 11 12 29 33 26 28 33 23 31 28 9 12 33 22 29 
11 26 29 12 32 26 33 33 31 34 28 18 26 18 9 22 11 28 32 25 
22 28 26 28 22 29 29 22 11 26 12 31 25 31 29 28 28 22 9 9 
11 31 25 28 23 22 22 25 22 12 32 32 12 22 31 25 12 9 22 31 
23 18 18 12 28 9 22 28 12 23 26 34 31 28 26 12 33 28 26 33 
32 18 12 28 26 22 11 22 11 23 28 32 33 32 9 32 34 26 26 18 
25 33 11 33 23 12 23 25 22 18 33 22 22 33 31 29 22 28 28 29 
26 11 31 22 11 33 23 22 28 11 18 32 12 34 11 26 34 28 18 11 
22 28 11 28 11 31 9 12 18 29 34 22 28 32 33 12 31 34 26 9 
26 23 12 18 32 31 29 22 34 12 12 34 22 26 22 26 29 29 28 9 
28 32 28 28 26 34 29 12 33 33 18 18 34 12 23 34 12 33 12 12 
26 28 12 32 25 9 34 11 32 33 34 11 34 33 33 26 29 28 22 28 
28 18 23 9 31 12 25 28 9 9 26 22 18 23 18 11 22 26 34 22 
28 22 33 12 26 28 11 34 33 32 28 22 32 22 22 18 18 32 33 32 
22 22 25 22 25 18 12 23 26 33 31 22 33 22 22 32 26 18 33 23 
28 18 22 31 9 11 28 34 33 9 22 26 32 25 18 11 12 28 33 18 
22 26 34 28 22 18 25 28 28 9 28 28 28 26 33 25 26 22 33 33 
32 22 26 22 12 25 32 34 29 26 11 22 26 18 18 18 26 26 23 18 
18 22 23 25 9 26 22 26 32 12 34 23 33 26 33 29 22 26 22 31 
26 11 12 12 31 22 33 28 33 22 33 28 33 33 31 11 18 18 28 26 
18 26 29 25 33 31 9 22 22 26 26 33 25 11 9 26 22 25 28 9 
18 12 18 26 33 28 33 32 33 25 26 22 18 32 33 22 34 22 33 18 
34 33 33 18 31 9 31 29 26 28 32 28 22 12 26 11 26 28 23 18 
22 28 32 12 31 32 29 28 33 22 33 23 23 25 23 18 34 23 28 28 
33 31 33 22 18 28 25 31 11 33 29 12 33 12 23 28 11 22 29 25 
11 33 25 32 18 32 22 31 12 22 34 33 25 23 22 29 12 18 28 26 
22 9 34 26 9 31 18 26 31 26 28 12 22 12 23 32 28 31 18 33 
23 22 9 33 26 33 32 12 33 18 25 22 18 11 26 18 31 26 11 31 
22 9 32 12 26 31 32 29 33 12 18 28 11 25 23 28 28 18 18 28 
29 12 33 33 18 28 28 18 22 31 31 28 22 34 25 33 34 11 25 32 
22 33 26 12 28 28 23 22 22 22 26 26 11 9 12 22 18 12 12 22 
32 33 28 28 26 22 33 12 26 11 26 11 31 18 26 26 12 28 11 25 
31 29 26 25 9 28 28 12 28 31 22 26 32 12 23 25 31 34 33 23 
18 12 12 34 34 28 18 29 12 25 31 11 18 26 12 12 12 18 12 32 
29 34 25 12 23 33 12 33 28 12 18 31 22 22 26 26 32 18 9 25 
31 29 18 34 12 12 9 33 22 33 11 23 18 33 12 26 12 22 22 18 
23 23 25 11 26 25 25 31 33 22 26 29 31 9 12 29 28 34 23 22 
25 9 18 26 12 25 22 22 22 32 12 33 29 9 22 31 22 11 12 23 
12 22 28 33 33 34 22 26 33 25 32 11 22 33 22 31 22 28 34 28 
26 31 25 18 33 25 18 34 33 22 31 26 23 26 11 22 31 12 18 12 
12 33 12 11 23 9 34 34 33 22 26 18 33 26 33 33 26 29 22 28 
11 18 25 12 9 33 26 12 26 23 33 12 12 34 12 28 18 18 22 23 
12 18 34 28 33 18 29 11 29 26 33 31 12 31 33 29 12 31 33 34 
9 23 26 32 31 31 22 29 33 18 26 34 33 33 22 33 11 34 12 11 
18 32 29 25 31 31 18 28 12 34 32 26 12 12 28 18 12 12 9 9 
22 25 18 26 12 22 26 26 25 28 22 28 31 33 9 26 31 31 32 26 
25 31 22 22 33 22 11 18 26 26 29 11 33 12 12 31 18 34 31 22 
12 33 32 33 29 22 22 22 9 31 26 33 26 12 33 23 28 26 31 18 
22 29 28 23 18 34 34 22 32 9 23 28 26 29 11 18 31 22 12 33 
23 18 34 28 26 12 26 32 25 23 22 25 28 33 18 26 29 34 33 26 
33 28 33 29 23 25 33 31 29 12 29 22 34 22 32 26 32 33 12 25 
32 12 11 31 18 33 28 33 18 31 25 28 32 29 22 18 18 26 12 9 
25 28 31 29 22 28 26 26 22 12 29 28 12 12 26 22 33 34 33 29 
18 12 26 32 25 28 26 9 28 26 28 22 26 28 28 31 28 29 25 28 
29 34 22 11 26 28 22 33 11 18 12 26 31 32 12 22 22 11 33 18 
31 34 32 18 22 18 33 18 33 26 33 12 28 25 18 33 29 34 31 31 
12 28 26 18 28 11 22 34 11 32 34 28 33 9 34 31 29 31 33 29 
22 32 26 29 28 18 18 22 29 25 25 33 28 28 32 33 25 12 22 12 
28 9 9 9 28 28 18 31 29 28 33 25 12 33 18 12 31 28 28 25 
26 12 11 22 32 23 26 11 33 22 28 25 9 22 12 28 22 28 22 28 
33 26 23 26 32 9 33 18 12 9 28 31 11 25 28 26 12 31 11 32 
25 33 33 22 9 34 28 23 18 28 11 31 23 9 26 34 31 18 9 32 
18 26 33 26 31 23 23 28 26 32 28 32 12 29 26 9 32 32 31 18 
18 33 23 31 25 26 9 28 34 34 29 11 11 23 11 31 26 26 22 18 
12 23 22 18 12 29 26 29 12 12 12 28 22 31 23 28 31 18 33 32 
9 26 34 9 26 11 9 29 18 32 33 11 26 29 26 23 18 26 25 18 
31 33 33 9 18 28 34 12 18 12 28 26 22 12 33 26 22 18 29 22 
22 18 22 33 12 22 12 26 34 28 9 28 32 28 22 22 12 23 32 28 
22 34 11 18 26 33 22 12 18 18 28 33 26 29 12 9 23 18 22 34 
25 33 22 12 22 18 32 29 31 12 28 18 22 22 33 12 22 31 25 33 
22 12 28 31 12 31 12 25 26 28 9 29 33 33 11 26 11 28 28 29 
34 22 23 29 12 18 22 34 26 9 33 29 18 9 33 26 34 22 22 9 
25 11 28 33 18 28 31 26 12 12 22 22 22 33 31 9 26 9 26 32 
18 29 25 18 26 22 25 31 12 26 18 32 33 18 25 12 12 26 33 25 
28 9 9 18 23 9 33 32 31 32 28 18 18 22 22 32 12 31 33 33 
11 22 26 11 18 9 33 9 32 34 22 12 33 12 22 26 9 18 34 32 
33 28 25 34 28 25 28 32 12 32 28 29 22 9 32 25 23 28 26 11 
11 23 33 22 29 32 33 32 33 22 31 26 18 33 33 22 11 33 32 33 
12 34 29 28 12 12 33 22 26 22 18 34 26 28 12 18 33 32 33 33 
28 32 26 9 32 33 33 11 18 28 11 28 33 33 31 33 28 23 26 22 
18 31 22 22 18 28 32 22 31 18 34 32 9 26 18 25 22 29 18 12 
18 28 31 9 29 26 32 28 12 18 28 28 29 25 26 22 11 33 18 11 
12 18 9 31 28 31 22 28 28 18 28 29 18 26 28 12 33 22 22 18 
26 29 23 31 32 31 34 28 33 28 29 25 31 11 25 34 22 32 12 33 
9 32 18 22 22 26 31 11 12 12 18 28 12 33 29 29 29 18 23 22 
18 34 26 34 12 23 33 9 31 22 18 12 18 32 18 26 26 22 12 11 
9 26 11 26 29 26 28 33 29 22 34 34 34 33 34 28 12 28 33 9 
26 33 31 9 9 25 32 18 23 26 29 18 11 32 32 22 26 11 18 12 
22 26 18 33 12 28 33 28 12 26 12 22 34 18 33 22 23 18 33 18 
18 29 32 12 26 28 26 18 26 22 9 31 11 11 33 26 33 18 26 32 
26 32 25 22 12 11 34 33 33 22 32 23 12 11 26 22 23 26 23 28 
18 12 18 33 34 31 33 11 12 29 33 18 23 33 29 18 26 18 28 11 
26 9 26 34 26 26 12 28 9 12 11 11 28 23 34 26 31 33 33 25 
18 28 12 28 22 33 33 26 29 22 26 29 11 34 25 31 26 25 28 9 
32 26 9 22 12 9 22 18 12 12 22 29 31 32 12 22 23 22 26 25 
32 22 31 34 33 34 25 31 26 23 22 18 31 26 22 23 33 23 22 33 
28 18 22 18 29 18 34 26 18 25 18 29 26 23 22 18 12 23 26 12 
18 18 33 31 28 28 25 18 28 33 18 12 33 11 18 28 22 11 32 23 
26 12 18 26 26 23 23 28 11 26 26 9 26 33 11 31 23 9 33 33 
33 22 34 9 26 18 28 22 9 22 31 12 25 32 9 31 31 32 34 22 
12 22 26 34 34 26 26 33 22 33 26 28 22 23 9 33 22 32 9 22 
33 33 18 28 23 33 32 33 9 12 33 28 29 28 33 26 26 29 12 22 
18 18 11 32 22 34 23 29 22 23 28 12 12 22 18 11 33 33 18 25 
22 23 22 18 31 18 32 25 26 22 29 12 29 26 25 11 12 22 33 12 
32 22 28 31 34 33 9 28 28 18 11 11 29 25 26 22 9 23 23 12 
26 28 9 26 22 31 9 18 22 18 22 12 18 22 26 12 28 34 9 26 
33 26 9 32 25 9 18 18 9 34 25 28 22 33 11 28 25 33 29 11 
28 28 9 33 32 18 9 29 9 12 28 26 12 32 33 32 28 28 29 22 
25 11 25 34 28 26 23 28 11 29 26 28 22 12 12 33 32 18 29 28 
33 9 31 29 31 25 23 18 11 28 25 34 18 25 23 34 32 9 12 25 
33 28 22 28 9 18 32 26 33 34 33 12 32 26 11 29 32 31 18 18 
22 11 34 26 28 29 22 9 12 28 12 22 28 12 23 11 9 11 12 28 
26 22 34 22 22 18 25 34 18 34 32 33 29 18 9 28 26 9 22 33 
12 33 31 32 11 11 34 28 33 34 22 18 29 26 33 26 18 32 12 29 
12 29 26 23 34 11 28 28 33 33 31 9 31 33 23 23 23 11 25 34 
33 33 26 28 33 12 26 26 26 12 22 12 23 12 33 23 22 34 12 28 
31 12 18 28 25 32 34 11 18 25 32 33 28 33 18 9 22 22 11 28 
31 33 34 18 22 29 23 12 28 32 32 32 32 26 9 29 26 32 26 29 
31 11 22 18 33 23 33 11 23 32 12 33 26 18 9 12 31 18 33 28 
23 12 26 25 22 12 22 26 22 26 34 18 28 22 22 33 22 12 22 28 
29 23 26 32 18 18 28 12 26 22 18 28 12 25 25 9 34 22 33 31 
32 29 31 18 9 22 11 18 11 11 22 23 34 33 23 22 22 33 12 33 
33 26 9 25 31 32 33 12 25 18 25 18 28 22 32 34 33 33 23 34 
28 11 26 33 9 22 18 18 34 22 22 29 22 25 18 33 12 28 23 31 
18 34 32 22 29 28 22 9 22 33 22 26 12 11 11 23 28 33 23 12 
11 11 28 25 11 33 33 23 18 33 11 33 26 22 12 26 22 22 12 28 
26 9 18 22 28 31 28 22 9 33 34 18 29 18 33 26 22 28 26 9 
29 32 22 26 33 23 34 33 26 18 33 31 32 23 28 25 9 25 12 22 
25 9 22 11 28 9 11 33 23 34 31 26 22 32 18 25 12 9 26 32 
26 32 12 32 32 33 31 9 33 22 28 26 11 11 28 12 28 33 26 11 
32 26 23 22 33 12 12 11 29 18 9 22 18 18 22 12 18 34 34 11 
22 25 11 28 9 18 31 28 32 26 31 12 12 26 18 18 18 29 29 12 
28 22 33 29 9 26 12 33 28 33 25 18 31 31 22 12 25 31 33 22 
26 25 32 33 18 18 25 28 26 12 12 25 28 11 32 11 9 23 28 34 
26 12 33 31 22 33 29 18 12 11 28 31 28 32 12 22 33 28 23 18 
26 29 26 9 33 12 9 25 12 12 9 31 9 12 28 34 18 12 11 28 
28 11 11 22 22 22 12 29 26 26 34 26 28 33 9 12 22 28 18 33 
28 22 29 22 23 28 34 26 9 22 33 29 18 26 18 18 26 26 33 25 
33 9 23 26 34 34 11 9 28 11 18 18 29 29 18 26 25 31 33 12 
22 18 22 22 23 28 33 33 22 25 26 11 12 28 31 26 26 34 18 11 
29 22 22 33 26 29 22 26 22 12 18 28 31 11 33 12 33 9 11 26 
18 9 32 22 34 28 23 22 23 34 33 26 12 11 18 29 34 33 29 33 
18 32 18 31 23 29 29 11 26 9 23 12 32 12 12 33 25 12 12 31 
29 31 25 25 22 23 34 26 18 22 22 18 34 29 33 22 31 25 9 22 
18 33 34 26 9 28 34 22 33 12 25 18 18 28 33 32 12 18 28 28 
26 11 18 18 26 33 34 28 18 22 18 25 11 11 28 28 26 18 28 26 
12 22 33 12 28 18 26 34 26 33 33 9 34 22 26 32 33 11 29 25 
26 32 23 34 22 32 34 31 33 26 23 33 33 11 33 18 26 12 25 31 
29 28 33 32 11 22 11 26 29 22 28 12 32 31 26 33 31 34 25 26 
34 34 11 26 23 18 34 26 12 22 22 26 25 11 18 29 28 31 33 34 
23 18 11 34 33 11 31 32 34 23 23 26 18 26 29 11 18 22 18 33 
32 12 9 12 33 22 29 11 22 28 26 23 31 9 33 31 23 9 29 22 
32 18 9 29 11 12 12 34 26 33 26 23 32 31 34 31 18 28 12 31 
32 25 23 18 26 26 12 23 31 26 32 28 18 33 22 31 33 34 18 22 
12 22 32 12 23 26 23 31 11 31 23 22 28 18 28 28 18 28 28 32 
12 29 31 31 9 18 26 29 18 26 31 26 31 18 12 32 28 22 33 9 
9 23 23 9 29 29 18 18 22 18 18 12 28 33 22 29 29 12 34 22 
32 33 28 26 26 32 33 26 28 32 12 26 18 22 22 22 9 32 18 9 
12 11 22 31 12 18 29 11 33 26 28 26 33 26 25 26 33 23 28 34 
28 22 34 22 11 28 12 11 33 18 28 12 11 12 28 26 22 18 29 22 
22 12 34 22 23 18 33 18 11 22 9 31 32 33 11 22 18 28 12 9 
26 18 26 18 28 22 25 11 32 26 12 11 28 23 18 12 23 23 28 31 
9 28 25 23 26 29 18 33 22 12 28 18 11 28 34 23 33 28 9 22 
25 23 18 26 32 22 22 23 18 34 12 11 22 33 9 28 23 22 12 12 
26 22 22 33 23 18 28 33 18 34 31 31 28 9 23 28 32 22 12 23 
11 28 33 18 12 12 25 28 28 31 32 22 34 28 26 26 12 33 26 34 
18 22 25 29 31 31 22 22 23 29 12 22 9 11 9 12 29 32 33 22 
12 11 28 22 12 23 33 31 28 29 34 12 11 18 26 11 9 23 23 28 
28 26 29 28 29 26 29 28 9 23 23 11 28 18 12 9 12 31 26 9 
33 26 18 9 29 25 33 28 9 22 34 23 25 33 11 29 34 26 28 18 
28 33 32 28 34 18 9 22 29 12 18 33 23 18 28 11 11 26 22 28 
34 34 18 33 33 26 9 28 22 12 12 28 12 34 28 22 12 12 29 22 
9 22 29 26 18 18 12 28 31 25 31 22 33 22 25 28 12 33 26 23 
12 18 11 32 28 28 28 28 12 25 12 9 22 12 23 29 31 28 32 18 
28 12 26 28 28 12 26 33 34 26 18 28 22 22 28 25 25 26 31 31 
9 33 22 22 32 26 12 29 31 33 31 31 32 22 28 31 12 33 22 28 
32 9 22 22 9 26 28 18 9 12 34 31 26 22 22 12 23 26 33 12 
23 18 11 26 11 26 12 12 23 26 33 12 34 18 26 29 12 29 12 9 
26 23 32 18 18 33 23 25 26 33 11 33 34 33 12 9 22 28 12 29 
33 11 33 12 34 28 26 25 12 33 23 29 18 34 26 18 32 25 12 18 
26 31 9 29 28 25 9 34 28 23 12 26 34 18 9 31 29 31 12 26 
34 12 22 32 28 28 9 26 33 33 9 31 31 18 18 32 22 31 34 12 
32 12 26 25 12 23 33 31 12 18 22 22 33 22 34 11 34 29 32 18 
29 28 22 34 31 28 18 12 28 26 22 25 31 12 22 9 26 29 9 9 
22 12 25 31 32 29 12 11 11 12 28 18 12 18 29 29 32 26 12 34 
32 26 33 23 12 18 22 33 23 31 11 18 28 12 29 34 34 11 9 26 
9 23 25 11 23 28 31 26 29 28 9 26 22 22 29 26 9 29 28 18 
33 26 22 28 31 11 33 12 29 26 26 12 12 28 12 12 25 25 34 18 
28 22 12 12 28 12 9 22 33 18 11 32 28 18 18 28 11 25 11 25 
26 18 25 28 18 26 18 26 18 9 33 33 11 33 34 33 26 28 32 22 
18 11 26 12 12 32 33 18 33 26 12 28 28 23 18 18 33 25 23 18 
22 31 25 32 34 33 28 33 26 22 28 25 33 11 33 26 18 23 18 33 
26 12 32 12 28 31 11 12 26 34 34 33 28 11 28 33 32 32 23 12 
22 9 11 18 31 28 28 33 23 22 22 12 25 12 34 22 33 18 28 34 
33 33 32 18 22 33 33 33 12 33 18 31 18 18 18 11 33 18 26 9 
9 12 29 11 12 31 26 34 18 28 11 22 22 18 34 18 28 28 18 12 
33 26 28 26 22 33 26 18 33 22 33 11 31 12 18 33 28 23 33 22 
12 9 31 32 25 25 28 9 26 26 12 18 11 28 28 34 26 26 28 11 
23 28 33 12 12 18 12 22 34 18 22 12 22 9 22 26 12 18 22 9 
34 34 29 26 31 32 12 23 34 32 29 26 11 34 34 29 33 31 22 34 
28 23 29 11 25 25 22 32 28 33 26 22 22 31 28 34 18 28 18 12 
12 22 28 22 26 28 33 25 26 25 12 9 26 29 34 18 33 34 11 29 
18 23 22 28 18 32 26 33 11 33 28 29 23 33 33 26 25 23 34 34 
33 33 18 26 22 9 11 31 18 26 33 33 22 29 23 22 28 9 33 29 
18 12 18 33 28 32 31 11 33 33 29 22 26 29 22 25 26 22 26 11 
28 22 25 32 25 31 34 18 25 26 33 33 26 22 22 34 12 18 9 33 
26 33 12 9 34 33 31 25 9 26 23 26 33 23 34 23 33 29 23 28 
34 18 28 28 26 32 31 33 12 28 33 34 28 18 12 26 23 25 22 22 
9 25 12 12 28 31 12 22 28 25 9 33 28 12 18 26 28 12 11 33 
26 12 26 29 31 28 23 12 29 11 26 22 12 29 11 31 26 33 32 25 
33 31 26 22 28 28 18 12 34 18 31 12 11 26 18 33 18 26 9 11 
28 28 11 22 28 33 18 31 26 26 28 12 23 9 9 12 18 12 29 9 
26 28 31 22 12 34 18 23 33 29 26 28 32 33 31 32 29 23 28 22 
34 28 22 32 32 25 23 12 11 31 23 28 26 25 34 32 28 23 11 28 
18 18 26 23 32 32 26 28 26 26 11 32 12 26 22 28 22 29 23 28 
28 29 12 12 32 25 25 31 26 18 25 31 29 12 22 23 23 26 18 23 
18 22 31 26 33 23 28 28 32 23 11 12 18 9 28 26 18 9 33 12 
18 32 25 12 33 23 22 22 33 31 22 22 11 34 12 9 12 12 11 23 
29 25 22 31 22 23 33 22 18 18 29 11 22 12 22 26 11 33 33 25 
28 18 18 28 12 23 26 28 32 34 33 12 22 22 12 18 33 32 26 26 
22 23 31 26 23 33 29 18 22 33 22 28 32 18 11 28 34 32 28 32 
18 33 12 34 28 32 26 25 31 29 33 9 28 26 18 31 32 29 29 23 
11 33 12 32 28 12 31 12 25 26 12 29 33 33 23 18 29 28 18 26 
22 34 9 26 26 26 31 23 33 33 32 22 26 33 28 31 22 18 11 12 
9 31 25 29 28 29 31 33 18 33 33 26 26 12 26 28 33 12 18 26 
25 22 18 31 33 32 23 31 26 22 34 25 33 12 11 31 22 18 28 9 
12 28 33 34 29 11 12 34 34 23 25 25 26 33 28 26 28 33 11 28 
18 23 22 28 18 12 25 23 23 31 34 11 28 25 22 22 9 12 18 33 
11 32 26 9 22 31 28 18 33 33 26 18 12 31 22 12 31 11 12 23 
33 9 31 25 22 28 18 25 18 25 26 12 29 22 12 11 29 11 26 11 
18 31 18 22 22 11 26 23 28 32 32 9 18 33 26 18 25 18 18 18 
12 28 28 26 22 11 33 32 34 22 12 25 22 31 33 11 9 26 22 28 
33 23 31 28 18 26 31 26 31 9 26 28 12 28 29 11 33 29 31 12 
28 26 12 25 12 11 18 26 33 26 11 28 26 22 12 29 25 32 18 23 
26 33 28 34 34 32 26 26 33 22 12 29 33 18 32 33 22 11 12 18 
12 33 28 28 22 22 11 28 29 31 28 22 33 11 22 26 11 28 18 12 
18 26 12 33 26 22 18 22 26 12 12 18 25 22 12 33 12 22 26 28 
12 29 26 29 26 25 9 26 26 28 9 9 25 33 18 28 9 12 22 12 
9 28 18 26 33 29 9 18 18 22 31 25 32 26 34 12 25 28 22 23 
29 11 23 22 31 23 22 12 18 22 25 12 33 12 23 33 34 11 12 11 
29 33 33 23 34 23 18 18 18 29 18 12 18 29 29 26 12 18 26 12 
12 33 34 28 12 32 31 28 34 12 28 34 11 12 29 18 25 18 23 11 
9 12 26 12 12 31 18 33 22 12 12 18 31 26 25 29 33 26 34 9 
22 28 18 9 11 34 32 28 31 22 31 26 29 28 25 11 25 26 29 28 
31 28 26 22 28 33 18 9 33 23 28 31 18 11 28 26 33 28 22 28 
34 28 12 31 34 22 29 12 33 18 12 31 22 23 12 34 26 32 9 26 
25 12 12 29 9 22 18 12 18 28 12 28 32 26 12 32 33 12 25 18 
25 29 29 22 12 22 29 33 25 32 33 9 26 26 22 28 33 34 9 22 
12 25 26 22 33 28 28 12 32 31 18 26 28 28 22 12 23 18 33 22 
29 23 28 26 28 12 12 34 26 33 34 34 25 11 22 9 18 18 26 23 
33 26 9 11 11 23 34 22 12 12 12 11 26 12 26 12 31 28 18 18 
28 26 18 22 26 33 25 22 26 18 18 32 33 28 26 22 31 18 34 26 
34 18 26 32 31 34 29 32 26 12 34 18 33 23 18 12 34 9 9 22 
26 29 32 26 26 12 11 33 28 33 28 34 28 22 32 28 12 22 33 31 
33 23 25 32 31 23 23 28 12 25 9 18 34 22 18 22 9 18 31 28 
18 34 22 29 18 12 18 18 28 28 11 34 12 26 22 32 32 25 11 22 
23 12 33 33 29 22 22 33 25 9 33 22 31 33 22 28 28 18 32 18 
31 22 28 18 9 33 29 12 25 22 32 18 29 12 18 11 23 31 31 31 
12 28 28 32 22 34 18 25 11 26 22 23 12 28 34 18 28 22 9 12 
28 28 29 26 11 33 32 18 34 32 29 18 22 28 25 12 23 18 9 12 
12 28 18 29 23 23 11 32 26 26 9 22 9 29 33 23 32 18 28 26 
23 32 29 26 18 33 28 26 28 32 33 12 33 34 9 12 23 28 26 29 
9 28 32 33 33 33 22 22 29 11 23 12 18 26 11 28 12 32 23 31 
26 11 31 22 18 33 9 12 11 23 32 26 28 33 31 12 29 34 25 23 
12 12 25 23 12 12 33 28 25 31 18 22 9 26 26 12 11 26 12 22 
34 33 28 23 28 18 22 12 34 31 22 11 11 31 22 18 32 18 28 18 
33 26 32 22 26 25 26 18 22 18 34 33 12 26 28 34 28 34 23 22 
22 12 33 28 26 18 18 29 26 33 29 18 26 9 23 23 29 28 28 22 
9 9 18 22 18 28 9 31 28 33 26 33 31 11 26 33 29 33 22 26 
31 26 11 18 11 28 22 12 12 12 26 12 26 18 12 33 28 18 28 32 
26 22 22 33 33 23 34 12 33 22 34 26 33 9 22 22 33 23 29 18 
33 18 28 28 18 12 18 33 31 28 12 18 12 25 34 22 22 31 31 11 
26 33 9 31 25 23 26 22 26 12 23 23 23 28 12 26 33 12 22 23 
33 11 32 32 18 29 22 33 18 22 26 23 31 26 31 31 12 29 12 18 
18 28 11 18 32 12 22 22 28 28 25 18 12 23 26 23 33 33 23 29 
31 26 26 22 34 12 34 31 28 29 23 34 26 22 33 32 25 29 12 29 
34 18 12 32 26 18 33 23 26 34 23 25 22 28 23 26 26 28 23 33 
18 9 32 26 33 28 26 28 31 25 25 28 22 31 9 18 18 32 25 34 
28 26 12 31 32 28 23 9 28 12 18 11 12 18 32 9 9 25 29 28 
11 26 22 33 9 33 25 22 29 31 22 28 28 28 33 28 18 12 18 22 
33 12 33 23 22 33 32 18 32 34 25 12 28 26 12 22 29 12 22 26 
18 12 22 26 12 29 18 33 22 9 18 25 29 12 31 32 28 31 33 33 
18 32 26 33 12 29 28 29 12 22 25 18 28 18 11 22 23 26 28 9 
12 22 28 18 32 9 26 23 25 22 11 22 9 26 34 26 9 31 26 26 
23 32 33 33 22 18 32 31 11 18 22 26 28 9 34 32 28 18 33 22 
34 26 22 22 18 12 26 18 32 11 34 33 18 28 28 33 11 22 25 25 
23 26 26 9 9 32 18 32 25 12 25 32 12 26 18 9 18 11 28 22 
12 12 26 29 33 32 26 25 28 12 9 23 18 26 22 32 22 28 29 11 
22 34 9 12 28 12 26 25 18 18 9 22 12 26 18 32 32 33 12 31 
23 33 22 33 29 26 26 34 22 12 34 12 22 25 32 33 22 33 25 12 
32 32 25 34 18 18 9 34 31 34 22 34 28 23 18 29 18 18 25 12 
33 22 12 33 28 28 25 29 33 18 31 33 26 34 18 34 12 9 12 12 
26 28 26 28 22 18 33 29 33 31 22 33 33 23 33 28 23 18 28 26 
18 22 28 23 33 26 12 12 32 22 9 26 25 31 18 33 23 11 31 22 
26 25 28 11 25 26 32 25 22 23 23 28 28 22 31 26 29 25 23 11 
25 33 28 12 33 26 26 12 12 12 9 22 28 32 28 12 18 26 28 12 
34 12 18 26 22 33 18 12 25 18 28 28 22 25 33 12 25 31 18 18 
22 26 28 18 22 18 18 26 22 33 32 33 33 31 9 26 9 26 26 31 
12 18 12 33 18 12 32 25 18 12 31 33 26 26 31 22 23 18 23 9 
33 9 9 29 26 22 32 18 22 31 12 33 33 25 22 12 23 12 9 18 
33 26 25 18 26 31 33 33 11 22 12 26 23 26 34 31 33 22 32 12 
28 31 9 18 11 18 11 12 31 33 25 33 26 34 26 9 33 23 12 11 
28 28 26 29 12 31 31 18 12 23 33 33 23 33 9 34 22 22 22 26 
29 26 29 22 26 22 28 32 22 26 33 12 26 25 11 32 12 26 29 33 
25 31 26 22 34 18 12 22 29 26 29 23 18 33 22 22 33 26 23 18 
12 28 29 33 12 25 23 18 22 25 31 28 34 33 18 33 9 11 32 9 
22 22 18 18 18 33 18 32 29 25 34 34 26 26 9 18 11 23 22 12 
33 26 22 12 9 25 34 22 34 11 23 28 26 23 28 9 33 34 26 33 
12 34 12 23 33 28 18 28 18 28 26 25 33 34 32 23 33 25 12 31 
22 28 25 22 28 28 32 23 22 29 23 25 12 28 25 22 33 22 25 33 
33 18 11 9 31 12 26 22 34 22 34 28 18 33 29 11 12 11 33 34 
32 32 26 34 22 18 34 33 11 34 9 28 33 11 28 9 34 22 12 26 
28 34 25 31 22 23 33 29 32 25 18 9 34 9 28 33 25 12 29 9 
22 12 22 28 34 25 28 32 34 25 18 28 18 29 29 22 29 22 11 22 
9 11 12 18 31 22 33 26 28 23 31 22 18 25 33 34 26 28 34 28 
26 31 33 28 32 9 23 28 22 34 29 18 31 9 33 9 33 12 34 25 
9 9 23 26 29 28 34 18 22 28 18 9 26 9 26 18 26 9 18 25 
29 26 33 12 22 12 18 18 23 28 22 12 12 25 32 33 11 9 18 31 
11 33 28 33 33 34 28 28 32 28 22 9 12 33 33 12 23 18 33 29 
34 12 31 12 32 28 34 34 26 18 33 33 22 18 28 12 22 22 31 28 
11 28 34 23 12 26 12 12 31 32 34 33 12 22 33 25 23 31 34 22 
23 23 26 28 9 31 29 12 23 28 25 33 23 18 25 18 18 26 28 12 
11 22 12 33 31 22 9 33 26 34 33 18 23 33 33 18 32 11 33 31 
22 31 28 28 34 23 33 12 29 12 25 31 18 11 28 11 28 33 22 22 
31 12 23 26 25 32 18 28 34 9 25 29 18 25 22 12 23 12 26 11 
28 22 9 31 28 11 12 33 28 9 22 23 18 9 11 26 28 31 26 33 
22 25 23 28 25 25 31 28 33 31 11 22 22 28 18 33 12 22 18 33 
34 23 29 12 26 18 33 22 31 31 18 18 26 28 26 32 31 26 28 33 
26 29 23 11 25 28 33 11 9 33 32 33 34 28 26 34 28 26 25 33 
26 23 22 26 18 22 28 34 18 28 18 18 33 28 11 32 33 22 11 18 
18 34 18 26 18 22 34 28 18 12 22 29 12 22 33 25 33 28 25 9 
33 33 34 12 12 25 18 23 31 18 28 22 26 12 32 34 11 31 18 34 
12 11 26 34 25 22 34 12 26 11 34 12 12 31 22 22 28 28 18 28 
22 12 28 12 25 34 31 29 34 23 28 31 26 25 26 22 11 11 31 29 
31 34 26 18 23 22 29 23 33 22 11 31 33 33 23 29 12 28 18 34 
