17.55
17.9
18.35
18.95
19.05
19.15
19.2
19.2
19.2
19.3
19.35
19.5
19.65
19.7
19.7
19.75
19.85
19.85
19.9
19.9
20
20
20
20.05
20.05
20.05
20.05
20.1
20.15
20.2
20.2
20.2
20.25
20.25
20.25
20.25
20.25
20.3
20.4
20.4
20.4
20.4
20.45
20.5
20.5
20.5
20.5
20.5
20.55
20.6
20.6
20.6
20.65
20.65
20.65
20.65
20.65
20.7
20.7
20.7
20.7
20.7
20.8
20.8
20.8
20.8
20.8
20.8
20.8
20.85
20.85
20.85
20.9
20.95
20.95
20.95
21.05
21.05
21.05
21.1
21.1
21.1
21.1
21.15
21.2
21.2
21.2
21.2
21.2
21.25
21.25
21.25
21.25
21.25
21.3
21.3
21.3
21.3
21.3
21.35
21.35
21.35
21.35
21.35
21.35
21.35
21.4
21.4
21.4
21.45
21.45
21.45
21.45
21.5
21.5
21.5
21.55
21.55
21.55
21.55
21.55
21.55
21.55
21.55
21.55
21.55
21.6
21.6
21.6
21.6
21.6
21.65
21.65
21.65
21.65
21.65
21.65
21.7
21.7
21.7
21.7
21.7
21.7
21.75
21.75
21.75
21.75
21.75
21.8
21.8
21.8
21.8
21.8
21.8
21.85
21.85
21.85
21.85
21.9
21.9
21.9
21.9
21.9
21.9
21.9
21.9
21.9
21.95
21.95
21.95
21.95
22
22
22
22
22
22
22
22
22
22
22
22.05
22.05
22.05
22.05
22.05
22.05
22.05
22.1
22.1
22.1
22.1
22.1
22.1
22.1
22.15
22.15
22.15
22.15
22.15
22.15
22.15
22.2
22.2
22.2
22.2
22.2
22.2
22.2
22.2
22.2
22.2
22.2
22.2
22.25
22.25
22.25
22.25
22.25
22.25
22.25
22.25
22.3
22.3
22.3
22.3
22.3
22.3
22.3
22.35
22.35
22.35
22.35
22.35
22.35
22.35
22.35
22.35
22.35
22.35
22.35
22.4
22.4
22.4
22.4
22.4
22.4
22.4
22.4
22.4
22.4
22.4
22.4
22.4
22.45
22.45
22.45
22.45
22.45
22.45
22.45
22.45
22.5
22.5
22.5
22.5
22.5
22.5
22.5
22.5
22.5
22.5
22.5
22.55
22.55
22.55
22.55
22.55
22.55
22.55
22.55
22.55
22.55
22.6
22.6
22.6
22.6
22.6
22.6
22.6
22.65
22.65
22.65
22.65
22.65
22.65
22.65
22.65
22.7
22.7
22.7
22.7
22.7
22.7
22.7
22.7
22.7
22.7
22.7
22.7
22.7
22.75
22.75
22.75
22.75
22.8
22.8
22.8
22.8
22.8
22.8
22.8
22.8
22.8
22.8
22.8
22.8
22.8
22.8
22.85
22.85
22.85
22.85
22.85
22.85
22.85
22.85
22.85
22.9
22.9
22.9
22.9
22.9
22.9
22.9
22.9
22.9
22.9
22.9
22.9
22.9
22.9
22.9
22.95
22.95
22.95
22.95
22.95
22.95
22.95
22.95
22.95
22.95
22.95
23
23
23
23
23
23.05
23.05
23.05
23.05
23.05
23.05
23.05
23.05
23.05
23.05
23.05
23.1
23.1
23.1
23.1
23.1
23.1
23.1
23.15
23.15
23.15
23.15
23.15
23.15
23.15
23.15
23.15
23.15
23.15
23.15
23.15
23.15
23.2
23.2
23.2
23.2
23.2
23.2
23.2
23.2
23.2
23.2
23.2
23.2
23.2
23.2
23.2
23.2
23.2
23.25
23.25
23.25
23.25
23.25
23.25
23.25
23.25
23.25
23.25
23.25
23.25
23.3
23.3
23.3
23.3
23.3
23.3
23.3
23.3
23.3
23.3
23.3
23.3
23.3
23.3
23.35
23.35
23.35
23.35
23.35
23.35
23.35
23.35
23.35
23.35
23.35
23.35
23.35
23.35
23.4
23.4
23.4
23.4
23.4
23.4
23.4
23.4
23.4
23.4
23.4
23.4
23.4
23.4
23.4
23.4
23.4
23.45
23.45
23.45
23.45
23.45
23.45
23.45
23.5
23.5
23.5
23.5
23.5
23.5
23.5
23.5
23.5
23.5
23.55
23.55
23.55
23.55
23.55
23.55
23.55
23.55
23.55
23.55
23.55
23.6
23.6
23.6
23.6
23.6
23.6
23.6
23.6
23.6
23.6
23.6
23.6
23.65
23.65
23.65
23.65
23.65
23.65
23.65
23.65
23.65
23.7
23.7
23.7
23.7
23.7
23.7
23.7
23.7
23.7
23.75
23.75
23.75
23.75
23.75
23.75
23.75
23.75
23.75
23.75
23.75
23.75
23.75
23.75
23.8
23.8
23.8
23.8
23.8
23.8
23.8
23.8
23.8
23.8
23.8
23.8
23.8
23.8
23.8
23.85
23.85
23.85
23.85
23.85
23.85
23.9
23.9
23.9
23.9
23.9
23.9
23.9
23.9
23.9
23.9
23.9
23.95
23.95
23.95
23.95
23.95
23.95
23.95
23.95
23.95
23.95
23.95
23.95
24
24
24
24
24
24
24
24
24
24
24
24
24
24
24.05
24.05
24.05
24.05
24.05
24.05
24.05
24.05
24.05
24.05
24.05
24.05
24.05
24.05
24.05
24.05
24.05
24.05
24.05
24.1
24.1
24.1
24.1
24.1
24.1
24.1
24.1
24.1
24.1
24.1
24.15
24.15
24.15
24.15
24.15
24.15
24.15
24.15
24.2
24.2
24.2
24.2
24.2
24.2
24.2
24.2
24.2
24.2
24.25
24.25
24.25
24.25
24.25
24.25
24.25
24.25
24.25
24.25
24.3
24.3
24.3
24.3
24.3
24.3
24.3
24.3
24.3
24.3
24.3
24.35
24.35
24.35
24.35
24.35
24.35
24.35
24.35
24.4
24.4
24.4
24.4
24.4
24.4
24.4
24.4
24.4
24.4
24.4
24.4
24.45
24.45
24.45
24.45
24.45
24.45
24.5
24.5
24.5
24.5
24.5
24.5
24.5
24.5
24.5
24.5
24.5
24.5
24.5
24.5
24.5
24.5
24.55
24.55
24.55
24.55
24.55
24.55
24.55
24.55
24.55
24.6
24.6
24.6
24.6
24.6
24.6
24.6
24.6
24.65
24.65
24.65
24.65
24.65
24.65
24.65
24.7
24.7
24.7
24.7
24.7
24.7
24.7
24.7
24.7
24.7
24.7
24.7
24.7
24.7
24.75
24.75
24.75
24.75
24.75
24.75
24.8
24.8
24.8
24.8
24.8
24.8
24.8
24.85
24.85
24.85
24.85
24.85
24.85
24.85
24.85
24.85
24.85
24.85
24.9
24.9
24.9
24.9
24.9
24.9
24.9
24.9
24.9
24.9
24.9
24.95
24.95
24.95
24.95
24.95
24.95
24.95
24.95
25
25
25
25
25
25
25
25
25.05
25.05
25.05
25.05
25.05
25.1
25.1
25.1
25.1
25.1
25.1
25.1
25.1
25.15
25.15
25.15
25.15
25.15
25.2
25.2
25.2
25.2
25.2
25.2
25.25
25.25
25.25
25.25
25.25
25.25
25.25
25.25
25.25
25.25
25.25
25.3
25.3
25.3
25.3
25.3
25.3
25.3
25.35
25.35
25.35
25.35
25.35
25.35
25.35
25.35
25.35
25.4
25.4
25.4
25.45
25.45
25.45
25.45
25.45
25.5
25.5
25.5
25.5
25.5
25.5
25.5
25.55
25.55
25.55
25.55
25.6
25.6
25.6
25.6
25.65
25.65
25.65
25.7
25.7
25.7
25.7
25.7
25.7
25.7
25.7
25.75
25.75
25.75
25.75
25.75
25.75
25.75
25.75
25.8
25.8
25.8
25.8
25.8
25.85
25.85
25.85
25.85
25.85
25.9
25.9
25.9
25.95
25.95
25.95
25.95
26
26
26.05
26.1
26.1
26.1
26.1
26.1
26.15
26.15
26.2
26.2
26.2
26.2
26.25
26.25
26.25
26.25
26.25
26.3
26.3
26.3
26.3
26.3
26.3
26.3
26.35
26.35
26.35
26.45
26.5
26.5
26.5
26.5
26.55
26.55
26.55
26.6
26.6
26.6
26.6
26.6
26.6
26.65
26.65
26.65
26.65
26.65
26.7
26.7
26.75
26.75
26.8
26.85
26.9
26.9
26.9
26.95
26.95
27
27
27.05
27.05
27.1
27.1
27.15
27.2
27.2
27.2
27.25
27.3
27.4
27.4
27.45
27.45
27.5
27.8
27.8
27.95
28
28.05
28.1
28.2
28.3
